0: 1 50
1: 0 2 51
2: 1 3 52
3: 2 4 53
4: 3 5 54
5: 4 6 55
6: 5 7 56
7: 6 8 57
8: 7 9 58
9: 8 10 59
10: 9 11 60
11: 10 12 61
12: 11 13 62
13: 12 14 63
14: 13 15 64
15: 14 16 65
16: 15 17 66
17: 16 18 67
18: 17 19 68
19: 18 20 69
20: 19 21 70
21: 20 22 71
22: 21 23 72
23: 22 24 73
24: 23 25 74
25: 24 26 75
26: 25 27 76
27: 26 28 77
28: 27 29 78
29: 28 30 79
30: 29 31 80
31: 30 32 81
32: 31 33 82
33: 32 34 83
34: 33 35 84
35: 34 36 85
36: 35 37 86
37: 36 38 87
38: 37 39 88
39: 38 40 89
40: 39 41 90
41: 40 42 91
42: 41 43 92
43: 42 44 93
44: 43 45 94
45: 44 46 95
46: 45 47 96
47: 46 48 97
48: 47 49 98
49: 48 99
50: 0 51 100
51: 1 50 52 101
52: 2 51 53 102
53: 3 52 54 103
54: 4 53 55 104
55: 5 54 56 105
56: 6 55 57 106
57: 7 56 58 107
58: 8 57 59 108
59: 9 58 60 109
60: 10 59 61 110
61: 11 60 62 111
62: 12 61 63 112
63: 13 62 64 113
64: 14 63 65 114
65: 15 64 66 115
66: 16 65 67 116
67: 17 66 68 117
68: 18 67 69 118
69: 19 68 70 119
70: 20 69 71 120
71: 21 70 72 121
72: 22 71 73 122
73: 23 72 74 123
74: 24 73 75 124
75: 25 74 76 125
76: 26 75 77 126
77: 27 76 78 127
78: 28 77 79 128
79: 29 78 80 129
80: 30 79 81 130
81: 31 80 82 131
82: 32 81 83 132
83: 33 82 84 133
84: 34 83 85 134
85: 35 84 86 135
86: 36 85 87 136
87: 37 86 88 137
88: 38 87 89 138
89: 39 88 90 139
90: 40 89 91 140
91: 41 90 92 141
92: 42 91 93 142
93: 43 92 94 143
94: 44 93 95 144
95: 45 94 96 145
96: 46 95 97 146
97: 47 96 98 147
98: 48 97 99 148
99: 49 98 149
100: 50 101 150
101: 51 100 102 151
102: 52 101 103 152
103: 53 102 104 153
104: 54 103 105 154
105: 55 104 106 155
106: 56 105 107 156
107: 57 106 108 157
108: 58 107 109 158
109: 59 108 110 159
110: 60 109 111 160
111: 61 110 112 161
112: 62 111 113 162
113: 63 112 114 163
114: 64 113 115 164
115: 65 114 116 165
116: 66 115 117 166
117: 67 116 118 167
118: 68 117 119 168
119: 69 118 120 169
120: 70 119 121 170
121: 71 120 122 171
122: 72 121 123 172
123: 73 122 124 173
124: 74 123 125 174
125: 75 124 126 175
126: 76 125 127 176
127: 77 126 128 177
128: 78 127 129 178
129: 79 128 130 179
130: 80 129 131 180
131: 81 130 132 181
132: 82 131 133 182
133: 83 132 134 183
134: 84 133 135 184
135: 85 134 136 185
136: 86 135 137 186
137: 87 136 138 187
138: 88 137 139 188
139: 89 138 140 189
140: 90 139 141 190
141: 91 140 142 191
142: 92 141 143 192
143: 93 142 144 193
144: 94 143 145 194
145: 95 144 146 195
146: 96 145 147 196
147: 97 146 148 197
148: 98 147 149 198
149: 99 148 199
150: 100 151 200
151: 101 150 152 201
152: 102 151 153 202
153: 103 152 154 203
154: 104 153 155 204
155: 105 154 156 205
156: 106 155 157 206
157: 107 156 158 207
158: 108 157 159 208
159: 109 158 160 209
160: 110 159 161 210
161: 111 160 162 211
162: 112 161 163 212
163: 113 162 164 213
164: 114 163 165 214
165: 115 164 166 215
166: 116 165 167 216
167: 117 166 168 217
168: 118 167 169 218
169: 119 168 170 219
170: 120 169 171 220
171: 121 170 172 221
172: 122 171 173 222
173: 123 172 174 223
174: 124 173 175 224
175: 125 174 176 225
176: 126 175 177 226
177: 127 176 178 227
178: 128 177 179 228
179: 129 178 180 229
180: 130 179 181 230
181: 131 180 182 231
182: 132 181 183 232
183: 133 182 184 233
184: 134 183 185 234
185: 135 184 186 235
186: 136 185 187 236
187: 137 186 188 237
188: 138 187 189 238
189: 139 188 190 239
190: 140 189 191 240
191: 141 190 192 241
192: 142 191 193 242
193: 143 192 194 243
194: 144 193 195 244
195: 145 194 196 245
196: 146 195 197 246
197: 147 196 198 247
198: 148 197 199 248
199: 149 198 249
200: 150 201 250
201: 151 200 202 251
202: 152 201 203 252
203: 153 202 204 253
204: 154 203 205 254
205: 155 204 206 255
206: 156 205 207 256
207: 157 206 208 257
208: 158 207 209 258
209: 159 208 210 259
210: 160 209 211 260
211: 161 210 212 261
212: 162 211 213 262
213: 163 212 214 263
214: 164 213 215 264
215: 165 214 216 265
216: 166 215 217 266
217: 167 216 218 267
218: 168 217 219 268
219: 169 218 220 269
220: 170 219 221 270
221: 171 220 222 271
222: 172 221 223 272
223: 173 222 224 273
224: 174 223 225 274
225: 175 224 226 275
226: 176 225 227 276
227: 177 226 228 277
228: 178 227 229 278
229: 179 228 230 279
230: 180 229 231 280
231: 181 230 232 281
232: 182 231 233 282
233: 183 232 234 283
234: 184 233 235 284
235: 185 234 236 285
236: 186 235 237 286
237: 187 236 238 287
238: 188 237 239 288
239: 189 238 240 289
240: 190 239 241 290
241: 191 240 242 291
242: 192 241 243 292
243: 193 242 244 293
244: 194 243 245 294
245: 195 244 246 295
246: 196 245 247 296
247: 197 246 248 297
248: 198 247 249 298
249: 199 248 299
250: 200 251 300
251: 201 250 252 301
252: 202 251 253 302
253: 203 252 254 303
254: 204 253 255 304
255: 205 254 256 305
256: 206 255 257 306
257: 207 256 258 307
258: 208 257 259 308
259: 209 258 260 309
260: 210 259 261 310
261: 211 260 262 311
262: 212 261 263 312
263: 213 262 264 313
264: 214 263 265 314
265: 215 264 266 315
266: 216 265 267 316
267: 217 266 268 317
268: 218 267 269 318
269: 219 268 270 319
270: 220 269 271 320
271: 221 270 272 321
272: 222 271 273 322
273: 223 272 274 323
274: 224 273 275 324
275: 225 274 276 325
276: 226 275 277 326
277: 227 276 278 327
278: 228 277 279 328
279: 229 278 280 329
280: 230 279 281 330
281: 231 280 282 331
282: 232 281 283 332
283: 233 282 284 333
284: 234 283 285 334
285: 235 284 286 335
286: 236 285 287 336
287: 237 286 288 337
288: 238 287 289 338
289: 239 288 290 339
290: 240 289 291 340
291: 241 290 292 341
292: 242 291 293 342
293: 243 292 294 343
294: 244 293 295 344
295: 245 294 296 345
296: 246 295 297 346
297: 247 296 298 347
298: 248 297 299 348
299: 249 298 349
300: 250 301 350
301: 251 300 302 351
302: 252 301 303 352
303: 253 302 304 353
304: 254 303 305 354
305: 255 304 306 355
306: 256 305 307 356
307: 257 306 308 357
308: 258 307 309 358
309: 259 308 310 359
310: 260 309 311 360
311: 261 310 312 361
312: 262 311 313 362
313: 263 312 314 363
314: 264 313 315 364
315: 265 314 316 365
316: 266 315 317 366
317: 267 316 318 367
318: 268 317 319 368
319: 269 318 320 369
320: 270 319 321 370
321: 271 320 322 371
322: 272 321 323 372
323: 273 322 324 373
324: 274 323 325 374
325: 275 324 326 375
326: 276 325 327 376
327: 277 326 328 377
328: 278 327 329 378
329: 279 328 330 379
330: 280 329 331 380
331: 281 330 332 381
332: 282 331 333 382
333: 283 332 334 383
334: 284 333 335 384
335: 285 334 336 385
336: 286 335 337 386
337: 287 336 338 387
338: 288 337 339 388
339: 289 338 340 389
340: 290 339 341 390
341: 291 340 342 391
342: 292 341 343 392
343: 293 342 344 393
344: 294 343 345 394
345: 295 344 346 395
346: 296 345 347 396
347: 297 346 348 397
348: 298 347 349 398
349: 299 348 399
350: 300 351 400
351: 301 350 352 401
352: 302 351 353 402
353: 303 352 354 403
354: 304 353 355 404
355: 305 354 356 405
356: 306 355 357 406
357: 307 356 358 407
358: 308 357 359 408
359: 309 358 360 409
360: 310 359 361 410
361: 311 360 362 411
362: 312 361 363 412
363: 313 362 364 413
364: 314 363 365 414
365: 315 364 366 415
366: 316 365 367 416
367: 317 366 368 417
368: 318 367 369 418
369: 319 368 370 419
370: 320 369 371 420
371: 321 370 372 421
372: 322 371 373 422
373: 323 372 374 423
374: 324 373 375 424
375: 325 374 376 425
376: 326 375 377 426
377: 327 376 378 427
378: 328 377 379 428
379: 329 378 380 429
380: 330 379 381 430
381: 331 380 382 431
382: 332 381 383 432
383: 333 382 384 433
384: 334 383 385 434
385: 335 384 386 435
386: 336 385 387 436
387: 337 386 388 437
388: 338 387 389 438
389: 339 388 390 439
390: 340 389 391 440
391: 341 390 392 441
392: 342 391 393 442
393: 343 392 394 443
394: 344 393 395 444
395: 345 394 396 445
396: 346 395 397 446
397: 347 396 398 447
398: 348 397 399 448
399: 349 398 449
400: 350 401 450
401: 351 400 402 451
402: 352 401 403 452
403: 353 402 404 453
404: 354 403 405 454
405: 355 404 406 455
406: 356 405 407 456
407: 357 406 408 457
408: 358 407 409 458
409: 359 408 410 459
410: 360 409 411 460
411: 361 410 412 461
412: 362 411 413 462
413: 363 412 414 463
414: 364 413 415 464
415: 365 414 416 465
416: 366 415 417 466
417: 367 416 418 467
418: 368 417 419 468
419: 369 418 420 469
420: 370 419 421 470
421: 371 420 422 471
422: 372 421 423 472
423: 373 422 424 473
424: 374 423 425 474
425: 375 424 426 475
426: 376 425 427 476
427: 377 426 428 477
428: 378 427 429 478
429: 379 428 430 479
430: 380 429 431 480
431: 381 430 432 481
432: 382 431 433 482
433: 383 432 434 483
434: 384 433 435 484
435: 385 434 436 485
436: 386 435 437 486
437: 387 436 438 487
438: 388 437 439 488
439: 389 438 440 489
440: 390 439 441 490
441: 391 440 442 491
442: 392 441 443 492
443: 393 442 444 493
444: 394 443 445 494
445: 395 444 446 495
446: 396 445 447 496
447: 397 446 448 497
448: 398 447 449 498
449: 399 448 499
450: 400 451 500
451: 401 450 452 501
452: 402 451 453 502
453: 403 452 454 503
454: 404 453 455 504
455: 405 454 456 505
456: 406 455 457 506
457: 407 456 458 507
458: 408 457 459 508
459: 409 458 460 509
460: 410 459 461 510
461: 411 460 462 511
462: 412 461 463 512
463: 413 462 464 513
464: 414 463 465 514
465: 415 464 466 515
466: 416 465 467 516
467: 417 466 468 517
468: 418 467 469 518
469: 419 468 470 519
470: 420 469 471 520
471: 421 470 472 521
472: 422 471 473 522
473: 423 472 474 523
474: 424 473 475 524
475: 425 474 476 525
476: 426 475 477 526
477: 427 476 478 527
478: 428 477 479 528
479: 429 478 480 529
480: 430 479 481 530
481: 431 480 482 531
482: 432 481 483 532
483: 433 482 484 533
484: 434 483 485 534
485: 435 484 486 535
486: 436 485 487 536
487: 437 486 488 537
488: 438 487 489 538
489: 439 488 490 539
490: 440 489 491 540
491: 441 490 492 541
492: 442 491 493 542
493: 443 492 494 543
494: 444 493 495 544
495: 445 494 496 545
496: 446 495 497 546
497: 447 496 498 547
498: 448 497 499 548
499: 449 498 549
500: 450 501 550
501: 451 500 502 551
502: 452 501 503 552
503: 453 502 504 553
504: 454 503 505 554
505: 455 504 506 555
506: 456 505 507 556
507: 457 506 508 557
508: 458 507 509 558
509: 459 508 510 559
510: 460 509 511 560
511: 461 510 512 561
512: 462 511 513 562
513: 463 512 514 563
514: 464 513 515 564
515: 465 514 516 565
516: 466 515 517 566
517: 467 516 518 567
518: 468 517 519 568
519: 469 518 520 569
520: 470 519 521 570
521: 471 520 522 571
522: 472 521 523 572
523: 473 522 524 573
524: 474 523 525 574
525: 475 524 526 575
526: 476 525 527 576
527: 477 526 528 577
528: 478 527 529 578
529: 479 528 530 579
530: 480 529 531 580
531: 481 530 532 581
532: 482 531 533 582
533: 483 532 534 583
534: 484 533 535 584
535: 485 534 536 585
536: 486 535 537 586
537: 487 536 538 587
538: 488 537 539 588
539: 489 538 540 589
540: 490 539 541 590
541: 491 540 542 591
542: 492 541 543 592
543: 493 542 544 593
544: 494 543 545 594
545: 495 544 546 595
546: 496 545 547 596
547: 497 546 548 597
548: 498 547 549 598
549: 499 548 599
550: 500 551 600
551: 501 550 552 601
552: 502 551 553 602
553: 503 552 554 603
554: 504 553 555 604
555: 505 554 556 605
556: 506 555 557 606
557: 507 556 558 607
558: 508 557 559 608
559: 509 558 560 609
560: 510 559 561 610
561: 511 560 562 611
562: 512 561 563 612
563: 513 562 564 613
564: 514 563 565 614
565: 515 564 566 615
566: 516 565 567 616
567: 517 566 568 617
568: 518 567 569 618
569: 519 568 570 619
570: 520 569 571 620
571: 521 570 572 621
572: 522 571 573 622
573: 523 572 574 623
574: 524 573 575 624
575: 525 574 576 625
576: 526 575 577 626
577: 527 576 578 627
578: 528 577 579 628
579: 529 578 580 629
580: 530 579 581 630
581: 531 580 582 631
582: 532 581 583 632
583: 533 582 584 633
584: 534 583 585 634
585: 535 584 586 635
586: 536 585 587 636
587: 537 586 588 637
588: 538 587 589 638
589: 539 588 590 639
590: 540 589 591 640
591: 541 590 592 641
592: 542 591 593 642
593: 543 592 594 643
594: 544 593 595 644
595: 545 594 596 645
596: 546 595 597 646
597: 547 596 598 647
598: 548 597 599 648
599: 549 598 649
600: 550 601 650
601: 551 600 602 651
602: 552 601 603 652
603: 553 602 604 653
604: 554 603 605 654
605: 555 604 606 655
606: 556 605 607 656
607: 557 606 608 657
608: 558 607 609 658
609: 559 608 610 659
610: 560 609 611 660
611: 561 610 612 661
612: 562 611 613 662
613: 563 612 614 663
614: 564 613 615 664
615: 565 614 616 665
616: 566 615 617 666
617: 567 616 618 667
618: 568 617 619 668
619: 569 618 620 669
620: 570 619 621 670
621: 571 620 622 671
622: 572 621 623 672
623: 573 622 624 673
624: 574 623 625 674
625: 575 624 626 675
626: 576 625 627 676
627: 577 626 628 677
628: 578 627 629 678
629: 579 628 630 679
630: 580 629 631 680
631: 581 630 632 681
632: 582 631 633 682
633: 583 632 634 683
634: 584 633 635 684
635: 585 634 636 685
636: 586 635 637 686
637: 587 636 638 687
638: 588 637 639 688
639: 589 638 640 689
640: 590 639 641 690
641: 591 640 642 691
642: 592 641 643 692
643: 593 642 644 693
644: 594 643 645 694
645: 595 644 646 695
646: 596 645 647 696
647: 597 646 648 697
648: 598 647 649 698
649: 599 648 699
650: 600 651 700
651: 601 650 652 701
652: 602 651 653 702
653: 603 652 654 703
654: 604 653 655 704
655: 605 654 656 705
656: 606 655 657 706
657: 607 656 658 707
658: 608 657 659 708
659: 609 658 660 709
660: 610 659 661 710
661: 611 660 662 711
662: 612 661 663 712
663: 613 662 664 713
664: 614 663 665 714
665: 615 664 666 715
666: 616 665 667 716
667: 617 666 668 717
668: 618 667 669 718
669: 619 668 670 719
670: 620 669 671 720
671: 621 670 672 721
672: 622 671 673 722
673: 623 672 674 723
674: 624 673 675 724
675: 625 674 676 725
676: 626 675 677 726
677: 627 676 678 727
678: 628 677 679 728
679: 629 678 680 729
680: 630 679 681 730
681: 631 680 682 731
682: 632 681 683 732
683: 633 682 684 733
684: 634 683 685 734
685: 635 684 686 735
686: 636 685 687 736
687: 637 686 688 737
688: 638 687 689 738
689: 639 688 690 739
690: 640 689 691 740
691: 641 690 692 741
692: 642 691 693 742
693: 643 692 694 743
694: 644 693 695 744
695: 645 694 696 745
696: 646 695 697 746
697: 647 696 698 747
698: 648 697 699 748
699: 649 698 749
700: 650 701 750
701: 651 700 702 751
702: 652 701 703 752
703: 653 702 704 753
704: 654 703 705 754
705: 655 704 706 755
706: 656 705 707 756
707: 657 706 708 757
708: 658 707 709 758
709: 659 708 710 759
710: 660 709 711 760
711: 661 710 712 761
712: 662 711 713 762
713: 663 712 714 763
714: 664 713 715 764
715: 665 714 716 765
716: 666 715 717 766
717: 667 716 718 767
718: 668 717 719 768
719: 669 718 720 769
720: 670 719 721 770
721: 671 720 722 771
722: 672 721 723 772
723: 673 722 724 773
724: 674 723 725 774
725: 675 724 726 775
726: 676 725 727 776
727: 677 726 728 777
728: 678 727 729 778
729: 679 728 730 779
730: 680 729 731 780
731: 681 730 732 781
732: 682 731 733 782
733: 683 732 734 783
734: 684 733 735 784
735: 685 734 736 785
736: 686 735 737 786
737: 687 736 738 787
738: 688 737 739 788
739: 689 738 740 789
740: 690 739 741 790
741: 691 740 742 791
742: 692 741 743 792
743: 693 742 744 793
744: 694 743 745 794
745: 695 744 746 795
746: 696 745 747 796
747: 697 746 748 797
748: 698 747 749 798
749: 699 748 799
750: 700 751 800
751: 701 750 752 801
752: 702 751 753 802
753: 703 752 754 803
754: 704 753 755 804
755: 705 754 756 805
756: 706 755 757 806
757: 707 756 758 807
758: 708 757 759 808
759: 709 758 760 809
760: 710 759 761 810
761: 711 760 762 811
762: 712 761 763 812
763: 713 762 764 813
764: 714 763 765 814
765: 715 764 766 815
766: 716 765 767 816
767: 717 766 768 817
768: 718 767 769 818
769: 719 768 770 819
770: 720 769 771 820
771: 721 770 772 821
772: 722 771 773 822
773: 723 772 774 823
774: 724 773 775 824
775: 725 774 776 825
776: 726 775 777 826
777: 727 776 778 827
778: 728 777 779 828
779: 729 778 780 829
780: 730 779 781 830
781: 731 780 782 831
782: 732 781 783 832
783: 733 782 784 833
784: 734 783 785 834
785: 735 784 786 835
786: 736 785 787 836
787: 737 786 788 837
788: 738 787 789 838
789: 739 788 790 839
790: 740 789 791 840
791: 741 790 792 841
792: 742 791 793 842
793: 743 792 794 843
794: 744 793 795 844
795: 745 794 796 845
796: 746 795 797 846
797: 747 796 798 847
798: 748 797 799 848
799: 749 798 849
800: 750 801 850
801: 751 800 802 851
802: 752 801 803 852
803: 753 802 804 853
804: 754 803 805 854
805: 755 804 806 855
806: 756 805 807 856
807: 757 806 808 857
808: 758 807 809 858
809: 759 808 810 859
810: 760 809 811 860
811: 761 810 812 861
812: 762 811 813 862
813: 763 812 814 863
814: 764 813 815 864
815: 765 814 816 865
816: 766 815 817 866
817: 767 816 818 867
818: 768 817 819 868
819: 769 818 820 869
820: 770 819 821 870
821: 771 820 822 871
822: 772 821 823 872
823: 773 822 824 873
824: 774 823 825 874
825: 775 824 826 875
826: 776 825 827 876
827: 777 826 828 877
828: 778 827 829 878
829: 779 828 830 879
830: 780 829 831 880
831: 781 830 832 881
832: 782 831 833 882
833: 783 832 834 883
834: 784 833 835 884
835: 785 834 836 885
836: 786 835 837 886
837: 787 836 838 887
838: 788 837 839 888
839: 789 838 840 889
840: 790 839 841 890
841: 791 840 842 891
842: 792 841 843 892
843: 793 842 844 893
844: 794 843 845 894
845: 795 844 846 895
846: 796 845 847 896
847: 797 846 848 897
848: 798 847 849 898
849: 799 848 899
850: 800 851 900
851: 801 850 852 901
852: 802 851 853 902
853: 803 852 854 903
854: 804 853 855 904
855: 805 854 856 905
856: 806 855 857 906
857: 807 856 858 907
858: 808 857 859 908
859: 809 858 860 909
860: 810 859 861 910
861: 811 860 862 911
862: 812 861 863 912
863: 813 862 864 913
864: 814 863 865 914
865: 815 864 866 915
866: 816 865 867 916
867: 817 866 868 917
868: 818 867 869 918
869: 819 868 870 919
870: 820 869 871 920
871: 821 870 872 921
872: 822 871 873 922
873: 823 872 874 923
874: 824 873 875 924
875: 825 874 876 925
876: 826 875 877 926
877: 827 876 878 927
878: 828 877 879 928
879: 829 878 880 929
880: 830 879 881 930
881: 831 880 882 931
882: 832 881 883 932
883: 833 882 884 933
884: 834 883 885 934
885: 835 884 886 935
886: 836 885 887 936
887: 837 886 888 937
888: 838 887 889 938
889: 839 888 890 939
890: 840 889 891 940
891: 841 890 892 941
892: 842 891 893 942
893: 843 892 894 943
894: 844 893 895 944
895: 845 894 896 945
896: 846 895 897 946
897: 847 896 898 947
898: 848 897 899 948
899: 849 898 949
900: 850 901 950
901: 851 900 902 951
902: 852 901 903 952
903: 853 902 904 953
904: 854 903 905 954
905: 855 904 906 955
906: 856 905 907 956
907: 857 906 908 957
908: 858 907 909 958
909: 859 908 910 959
910: 860 909 911 960
911: 861 910 912 961
912: 862 911 913 962
913: 863 912 914 963
914: 864 913 915 964
915: 865 914 916 965
916: 866 915 917 966
917: 867 916 918 967
918: 868 917 919 968
919: 869 918 920 969
920: 870 919 921 970
921: 871 920 922 971
922: 872 921 923 972
923: 873 922 924 973
924: 874 923 925 974
925: 875 924 926 975
926: 876 925 927 976
927: 877 926 928 977
928: 878 927 929 978
929: 879 928 930 979
930: 880 929 931 980
931: 881 930 932 981
932: 882 931 933 982
933: 883 932 934 983
934: 884 933 935 984
935: 885 934 936 985
936: 886 935 937 986
937: 887 936 938 987
938: 888 937 939 988
939: 889 938 940 989
940: 890 939 941 990
941: 891 940 942 991
942: 892 941 943 992
943: 893 942 944 993
944: 894 943 945 994
945: 895 944 946 995
946: 896 945 947 996
947: 897 946 948 997
948: 898 947 949 998
949: 899 948 999
950: 900 951 1000
951: 901 950 952 1001
952: 902 951 953 1002
953: 903 952 954 1003
954: 904 953 955 1004
955: 905 954 956 1005
956: 906 955 957 1006
957: 907 956 958 1007
958: 908 957 959 1008
959: 909 958 960 1009
960: 910 959 961 1010
961: 911 960 962 1011
962: 912 961 963 1012
963: 913 962 964 1013
964: 914 963 965 1014
965: 915 964 966 1015
966: 916 965 967 1016
967: 917 966 968 1017
968: 918 967 969 1018
969: 919 968 970 1019
970: 920 969 971 1020
971: 921 970 972 1021
972: 922 971 973 1022
973: 923 972 974 1023
974: 924 973 975 1024
975: 925 974 976 1025
976: 926 975 977 1026
977: 927 976 978 1027
978: 928 977 979 1028
979: 929 978 980 1029
980: 930 979 981 1030
981: 931 980 982 1031
982: 932 981 983 1032
983: 933 982 984 1033
984: 934 983 985 1034
985: 935 984 986 1035
986: 936 985 987 1036
987: 937 986 988 1037
988: 938 987 989 1038
989: 939 988 990 1039
990: 940 989 991 1040
991: 941 990 992 1041
992: 942 991 993 1042
993: 943 992 994 1043
994: 944 993 995 1044
995: 945 994 996 1045
996: 946 995 997 1046
997: 947 996 998 1047
998: 948 997 999 1048
999: 949 998 1049
1000: 950 1001 1050
1001: 951 1000 1002 1051
1002: 952 1001 1003 1052
1003: 953 1002 1004 1053
1004: 954 1003 1005 1054
1005: 955 1004 1006 1055
1006: 956 1005 1007 1056
1007: 957 1006 1008 1057
1008: 958 1007 1009 1058
1009: 959 1008 1010 1059
1010: 960 1009 1011 1060
1011: 961 1010 1012 1061
1012: 962 1011 1013 1062
1013: 963 1012 1014 1063
1014: 964 1013 1015 1064
1015: 965 1014 1016 1065
1016: 966 1015 1017 1066
1017: 967 1016 1018 1067
1018: 968 1017 1019 1068
1019: 969 1018 1020 1069
1020: 970 1019 1021 1070
1021: 971 1020 1022 1071
1022: 972 1021 1023 1072
1023: 973 1022 1024 1073
1024: 974 1023 1025 1074
1025: 975 1024 1026 1075
1026: 976 1025 1027 1076
1027: 977 1026 1028 1077
1028: 978 1027 1029 1078
1029: 979 1028 1030 1079
1030: 980 1029 1031 1080
1031: 981 1030 1032 1081
1032: 982 1031 1033 1082
1033: 983 1032 1034 1083
1034: 984 1033 1035 1084
1035: 985 1034 1036 1085
1036: 986 1035 1037 1086
1037: 987 1036 1038 1087
1038: 988 1037 1039 1088
1039: 989 1038 1040 1089
1040: 990 1039 1041 1090
1041: 991 1040 1042 1091
1042: 992 1041 1043 1092
1043: 993 1042 1044 1093
1044: 994 1043 1045 1094
1045: 995 1044 1046 1095
1046: 996 1045 1047 1096
1047: 997 1046 1048 1097
1048: 998 1047 1049 1098
1049: 999 1048 1099
1050: 1000 1051 1100
1051: 1001 1050 1052 1101
1052: 1002 1051 1053 1102
1053: 1003 1052 1054 1103
1054: 1004 1053 1055 1104
1055: 1005 1054 1056 1105
1056: 1006 1055 1057 1106
1057: 1007 1056 1058 1107
1058: 1008 1057 1059 1108
1059: 1009 1058 1060 1109
1060: 1010 1059 1061 1110
1061: 1011 1060 1062 1111
1062: 1012 1061 1063 1112
1063: 1013 1062 1064 1113
1064: 1014 1063 1065 1114
1065: 1015 1064 1066 1115
1066: 1016 1065 1067 1116
1067: 1017 1066 1068 1117
1068: 1018 1067 1069 1118
1069: 1019 1068 1070 1119
1070: 1020 1069 1071 1120
1071: 1021 1070 1072 1121
1072: 1022 1071 1073 1122
1073: 1023 1072 1074 1123
1074: 1024 1073 1075 1124
1075: 1025 1074 1076 1125
1076: 1026 1075 1077 1126
1077: 1027 1076 1078 1127
1078: 1028 1077 1079 1128
1079: 1029 1078 1080 1129
1080: 1030 1079 1081 1130
1081: 1031 1080 1082 1131
1082: 1032 1081 1083 1132
1083: 1033 1082 1084 1133
1084: 1034 1083 1085 1134
1085: 1035 1084 1086 1135
1086: 1036 1085 1087 1136
1087: 1037 1086 1088 1137
1088: 1038 1087 1089 1138
1089: 1039 1088 1090 1139
1090: 1040 1089 1091 1140
1091: 1041 1090 1092 1141
1092: 1042 1091 1093 1142
1093: 1043 1092 1094 1143
1094: 1044 1093 1095 1144
1095: 1045 1094 1096 1145
1096: 1046 1095 1097 1146
1097: 1047 1096 1098 1147
1098: 1048 1097 1099 1148
1099: 1049 1098 1149
1100: 1050 1101 1150
1101: 1051 1100 1102 1151
1102: 1052 1101 1103 1152
1103: 1053 1102 1104 1153
1104: 1054 1103 1105 1154
1105: 1055 1104 1106 1155
1106: 1056 1105 1107 1156
1107: 1057 1106 1108 1157
1108: 1058 1107 1109 1158
1109: 1059 1108 1110 1159
1110: 1060 1109 1111 1160
1111: 1061 1110 1112 1161
1112: 1062 1111 1113 1162
1113: 1063 1112 1114 1163
1114: 1064 1113 1115 1164
1115: 1065 1114 1116 1165
1116: 1066 1115 1117 1166
1117: 1067 1116 1118 1167
1118: 1068 1117 1119 1168
1119: 1069 1118 1120 1169
1120: 1070 1119 1121 1170
1121: 1071 1120 1122 1171
1122: 1072 1121 1123 1172
1123: 1073 1122 1124 1173
1124: 1074 1123 1125 1174
1125: 1075 1124 1126 1175
1126: 1076 1125 1127 1176
1127: 1077 1126 1128 1177
1128: 1078 1127 1129 1178
1129: 1079 1128 1130 1179
1130: 1080 1129 1131 1180
1131: 1081 1130 1132 1181
1132: 1082 1131 1133 1182
1133: 1083 1132 1134 1183
1134: 1084 1133 1135 1184
1135: 1085 1134 1136 1185
1136: 1086 1135 1137 1186
1137: 1087 1136 1138 1187
1138: 1088 1137 1139 1188
1139: 1089 1138 1140 1189
1140: 1090 1139 1141 1190
1141: 1091 1140 1142 1191
1142: 1092 1141 1143 1192
1143: 1093 1142 1144 1193
1144: 1094 1143 1145 1194
1145: 1095 1144 1146 1195
1146: 1096 1145 1147 1196
1147: 1097 1146 1148 1197
1148: 1098 1147 1149 1198
1149: 1099 1148 1199
1150: 1100 1151 1200
1151: 1101 1150 1152 1201
1152: 1102 1151 1153 1202
1153: 1103 1152 1154 1203
1154: 1104 1153 1155 1204
1155: 1105 1154 1156 1205
1156: 1106 1155 1157 1206
1157: 1107 1156 1158 1207
1158: 1108 1157 1159 1208
1159: 1109 1158 1160 1209
1160: 1110 1159 1161 1210
1161: 1111 1160 1162 1211
1162: 1112 1161 1163 1212
1163: 1113 1162 1164 1213
1164: 1114 1163 1165 1214
1165: 1115 1164 1166 1215
1166: 1116 1165 1167 1216
1167: 1117 1166 1168 1217
1168: 1118 1167 1169 1218
1169: 1119 1168 1170 1219
1170: 1120 1169 1171 1220
1171: 1121 1170 1172 1221
1172: 1122 1171 1173 1222
1173: 1123 1172 1174 1223
1174: 1124 1173 1175 1224
1175: 1125 1174 1176 1225
1176: 1126 1175 1177 1226
1177: 1127 1176 1178 1227
1178: 1128 1177 1179 1228
1179: 1129 1178 1180 1229
1180: 1130 1179 1181 1230
1181: 1131 1180 1182 1231
1182: 1132 1181 1183 1232
1183: 1133 1182 1184 1233
1184: 1134 1183 1185 1234
1185: 1135 1184 1186 1235
1186: 1136 1185 1187 1236
1187: 1137 1186 1188 1237
1188: 1138 1187 1189 1238
1189: 1139 1188 1190 1239
1190: 1140 1189 1191 1240
1191: 1141 1190 1192 1241
1192: 1142 1191 1193 1242
1193: 1143 1192 1194 1243
1194: 1144 1193 1195 1244
1195: 1145 1194 1196 1245
1196: 1146 1195 1197 1246
1197: 1147 1196 1198 1247
1198: 1148 1197 1199 1248
1199: 1149 1198 1249
1200: 1150 1201 1250
1201: 1151 1200 1202 1251
1202: 1152 1201 1203 1252
1203: 1153 1202 1204 1253
1204: 1154 1203 1205 1254
1205: 1155 1204 1206 1255
1206: 1156 1205 1207 1256
1207: 1157 1206 1208 1257
1208: 1158 1207 1209 1258
1209: 1159 1208 1210 1259
1210: 1160 1209 1211 1260
1211: 1161 1210 1212 1261
1212: 1162 1211 1213 1262
1213: 1163 1212 1214 1263
1214: 1164 1213 1215 1264
1215: 1165 1214 1216 1265
1216: 1166 1215 1217 1266
1217: 1167 1216 1218 1267
1218: 1168 1217 1219 1268
1219: 1169 1218 1220 1269
1220: 1170 1219 1221 1270
1221: 1171 1220 1222 1271
1222: 1172 1221 1223 1272
1223: 1173 1222 1224 1273
1224: 1174 1223 1225 1274
1225: 1175 1224 1226 1275
1226: 1176 1225 1227 1276
1227: 1177 1226 1228 1277
1228: 1178 1227 1229 1278
1229: 1179 1228 1230 1279
1230: 1180 1229 1231 1280
1231: 1181 1230 1232 1281
1232: 1182 1231 1233 1282
1233: 1183 1232 1234 1283
1234: 1184 1233 1235 1284
1235: 1185 1234 1236 1285
1236: 1186 1235 1237 1286
1237: 1187 1236 1238 1287
1238: 1188 1237 1239 1288
1239: 1189 1238 1240 1289
1240: 1190 1239 1241 1290
1241: 1191 1240 1242 1291
1242: 1192 1241 1243 1292
1243: 1193 1242 1244 1293
1244: 1194 1243 1245 1294
1245: 1195 1244 1246 1295
1246: 1196 1245 1247 1296
1247: 1197 1246 1248 1297
1248: 1198 1247 1249 1298
1249: 1199 1248 1299
1250: 1200 1251 1300
1251: 1201 1250 1252 1301
1252: 1202 1251 1253 1302
1253: 1203 1252 1254 1303
1254: 1204 1253 1255 1304
1255: 1205 1254 1256 1305
1256: 1206 1255 1257 1306
1257: 1207 1256 1258 1307
1258: 1208 1257 1259 1308
1259: 1209 1258 1260 1309
1260: 1210 1259 1261 1310
1261: 1211 1260 1262 1311
1262: 1212 1261 1263 1312
1263: 1213 1262 1264 1313
1264: 1214 1263 1265 1314
1265: 1215 1264 1266 1315
1266: 1216 1265 1267 1316
1267: 1217 1266 1268 1317
1268: 1218 1267 1269 1318
1269: 1219 1268 1270 1319
1270: 1220 1269 1271 1320
1271: 1221 1270 1272 1321
1272: 1222 1271 1273 1322
1273: 1223 1272 1274 1323
1274: 1224 1273 1275 1324
1275: 1225 1274 1276 1325
1276: 1226 1275 1277 1326
1277: 1227 1276 1278 1327
1278: 1228 1277 1279 1328
1279: 1229 1278 1280 1329
1280: 1230 1279 1281 1330
1281: 1231 1280 1282 1331
1282: 1232 1281 1283 1332
1283: 1233 1282 1284 1333
1284: 1234 1283 1285 1334
1285: 1235 1284 1286 1335
1286: 1236 1285 1287 1336
1287: 1237 1286 1288 1337
1288: 1238 1287 1289 1338
1289: 1239 1288 1290 1339
1290: 1240 1289 1291 1340
1291: 1241 1290 1292 1341
1292: 1242 1291 1293 1342
1293: 1243 1292 1294 1343
1294: 1244 1293 1295 1344
1295: 1245 1294 1296 1345
1296: 1246 1295 1297 1346
1297: 1247 1296 1298 1347
1298: 1248 1297 1299 1348
1299: 1249 1298 1349
1300: 1250 1301 1350
1301: 1251 1300 1302 1351
1302: 1252 1301 1303 1352
1303: 1253 1302 1304 1353
1304: 1254 1303 1305 1354
1305: 1255 1304 1306 1355
1306: 1256 1305 1307 1356
1307: 1257 1306 1308 1357
1308: 1258 1307 1309 1358
1309: 1259 1308 1310 1359
1310: 1260 1309 1311 1360
1311: 1261 1310 1312 1361
1312: 1262 1311 1313 1362
1313: 1263 1312 1314 1363
1314: 1264 1313 1315 1364
1315: 1265 1314 1316 1365
1316: 1266 1315 1317 1366
1317: 1267 1316 1318 1367
1318: 1268 1317 1319 1368
1319: 1269 1318 1320 1369
1320: 1270 1319 1321 1370
1321: 1271 1320 1322 1371
1322: 1272 1321 1323 1372
1323: 1273 1322 1324 1373
1324: 1274 1323 1325 1374
1325: 1275 1324 1326 1375
1326: 1276 1325 1327 1376
1327: 1277 1326 1328 1377
1328: 1278 1327 1329 1378
1329: 1279 1328 1330 1379
1330: 1280 1329 1331 1380
1331: 1281 1330 1332 1381
1332: 1282 1331 1333 1382
1333: 1283 1332 1334 1383
1334: 1284 1333 1335 1384
1335: 1285 1334 1336 1385
1336: 1286 1335 1337 1386
1337: 1287 1336 1338 1387
1338: 1288 1337 1339 1388
1339: 1289 1338 1340 1389
1340: 1290 1339 1341 1390
1341: 1291 1340 1342 1391
1342: 1292 1341 1343 1392
1343: 1293 1342 1344 1393
1344: 1294 1343 1345 1394
1345: 1295 1344 1346 1395
1346: 1296 1345 1347 1396
1347: 1297 1346 1348 1397
1348: 1298 1347 1349 1398
1349: 1299 1348 1399
1350: 1300 1351 1400
1351: 1301 1350 1352 1401
1352: 1302 1351 1353 1402
1353: 1303 1352 1354 1403
1354: 1304 1353 1355 1404
1355: 1305 1354 1356 1405
1356: 1306 1355 1357 1406
1357: 1307 1356 1358 1407
1358: 1308 1357 1359 1408
1359: 1309 1358 1360 1409
1360: 1310 1359 1361 1410
1361: 1311 1360 1362 1411
1362: 1312 1361 1363 1412
1363: 1313 1362 1364 1413
1364: 1314 1363 1365 1414
1365: 1315 1364 1366 1415
1366: 1316 1365 1367 1416
1367: 1317 1366 1368 1417
1368: 1318 1367 1369 1418
1369: 1319 1368 1370 1419
1370: 1320 1369 1371 1420
1371: 1321 1370 1372 1421
1372: 1322 1371 1373 1422
1373: 1323 1372 1374 1423
1374: 1324 1373 1375 1424
1375: 1325 1374 1376 1425
1376: 1326 1375 1377 1426
1377: 1327 1376 1378 1427
1378: 1328 1377 1379 1428
1379: 1329 1378 1380 1429
1380: 1330 1379 1381 1430
1381: 1331 1380 1382 1431
1382: 1332 1381 1383 1432
1383: 1333 1382 1384 1433
1384: 1334 1383 1385 1434
1385: 1335 1384 1386 1435
1386: 1336 1385 1387 1436
1387: 1337 1386 1388 1437
1388: 1338 1387 1389 1438
1389: 1339 1388 1390 1439
1390: 1340 1389 1391 1440
1391: 1341 1390 1392 1441
1392: 1342 1391 1393 1442
1393: 1343 1392 1394 1443
1394: 1344 1393 1395 1444
1395: 1345 1394 1396 1445
1396: 1346 1395 1397 1446
1397: 1347 1396 1398 1447
1398: 1348 1397 1399 1448
1399: 1349 1398 1449
1400: 1350 1401 1450
1401: 1351 1400 1402 1451
1402: 1352 1401 1403 1452
1403: 1353 1402 1404 1453
1404: 1354 1403 1405 1454
1405: 1355 1404 1406 1455
1406: 1356 1405 1407 1456
1407: 1357 1406 1408 1457
1408: 1358 1407 1409 1458
1409: 1359 1408 1410 1459
1410: 1360 1409 1411 1460
1411: 1361 1410 1412 1461
1412: 1362 1411 1413 1462
1413: 1363 1412 1414 1463
1414: 1364 1413 1415 1464
1415: 1365 1414 1416 1465
1416: 1366 1415 1417 1466
1417: 1367 1416 1418 1467
1418: 1368 1417 1419 1468
1419: 1369 1418 1420 1469
1420: 1370 1419 1421 1470
1421: 1371 1420 1422 1471
1422: 1372 1421 1423 1472
1423: 1373 1422 1424 1473
1424: 1374 1423 1425 1474
1425: 1375 1424 1426 1475
1426: 1376 1425 1427 1476
1427: 1377 1426 1428 1477
1428: 1378 1427 1429 1478
1429: 1379 1428 1430 1479
1430: 1380 1429 1431 1480
1431: 1381 1430 1432 1481
1432: 1382 1431 1433 1482
1433: 1383 1432 1434 1483
1434: 1384 1433 1435 1484
1435: 1385 1434 1436 1485
1436: 1386 1435 1437 1486
1437: 1387 1436 1438 1487
1438: 1388 1437 1439 1488
1439: 1389 1438 1440 1489
1440: 1390 1439 1441 1490
1441: 1391 1440 1442 1491
1442: 1392 1441 1443 1492
1443: 1393 1442 1444 1493
1444: 1394 1443 1445 1494
1445: 1395 1444 1446 1495
1446: 1396 1445 1447 1496
1447: 1397 1446 1448 1497
1448: 1398 1447 1449 1498
1449: 1399 1448 1499
1450: 1400 1451 1500
1451: 1401 1450 1452 1501
1452: 1402 1451 1453 1502
1453: 1403 1452 1454 1503
1454: 1404 1453 1455 1504
1455: 1405 1454 1456 1505
1456: 1406 1455 1457 1506
1457: 1407 1456 1458 1507
1458: 1408 1457 1459 1508
1459: 1409 1458 1460 1509
1460: 1410 1459 1461 1510
1461: 1411 1460 1462 1511
1462: 1412 1461 1463 1512
1463: 1413 1462 1464 1513
1464: 1414 1463 1465 1514
1465: 1415 1464 1466 1515
1466: 1416 1465 1467 1516
1467: 1417 1466 1468 1517
1468: 1418 1467 1469 1518
1469: 1419 1468 1470 1519
1470: 1420 1469 1471 1520
1471: 1421 1470 1472 1521
1472: 1422 1471 1473 1522
1473: 1423 1472 1474 1523
1474: 1424 1473 1475 1524
1475: 1425 1474 1476 1525
1476: 1426 1475 1477 1526
1477: 1427 1476 1478 1527
1478: 1428 1477 1479 1528
1479: 1429 1478 1480 1529
1480: 1430 1479 1481 1530
1481: 1431 1480 1482 1531
1482: 1432 1481 1483 1532
1483: 1433 1482 1484 1533
1484: 1434 1483 1485 1534
1485: 1435 1484 1486 1535
1486: 1436 1485 1487 1536
1487: 1437 1486 1488 1537
1488: 1438 1487 1489 1538
1489: 1439 1488 1490 1539
1490: 1440 1489 1491 1540
1491: 1441 1490 1492 1541
1492: 1442 1491 1493 1542
1493: 1443 1492 1494 1543
1494: 1444 1493 1495 1544
1495: 1445 1494 1496 1545
1496: 1446 1495 1497 1546
1497: 1447 1496 1498 1547
1498: 1448 1497 1499 1548
1499: 1449 1498 1549
1500: 1450 1501 1550
1501: 1451 1500 1502 1551
1502: 1452 1501 1503 1552
1503: 1453 1502 1504 1553
1504: 1454 1503 1505 1554
1505: 1455 1504 1506 1555
1506: 1456 1505 1507 1556
1507: 1457 1506 1508 1557
1508: 1458 1507 1509 1558
1509: 1459 1508 1510 1559
1510: 1460 1509 1511 1560
1511: 1461 1510 1512 1561
1512: 1462 1511 1513 1562
1513: 1463 1512 1514 1563
1514: 1464 1513 1515 1564
1515: 1465 1514 1516 1565
1516: 1466 1515 1517 1566
1517: 1467 1516 1518 1567
1518: 1468 1517 1519 1568
1519: 1469 1518 1520 1569
1520: 1470 1519 1521 1570
1521: 1471 1520 1522 1571
1522: 1472 1521 1523 1572
1523: 1473 1522 1524 1573
1524: 1474 1523 1525 1574
1525: 1475 1524 1526 1575
1526: 1476 1525 1527 1576
1527: 1477 1526 1528 1577
1528: 1478 1527 1529 1578
1529: 1479 1528 1530 1579
1530: 1480 1529 1531 1580
1531: 1481 1530 1532 1581
1532: 1482 1531 1533 1582
1533: 1483 1532 1534 1583
1534: 1484 1533 1535 1584
1535: 1485 1534 1536 1585
1536: 1486 1535 1537 1586
1537: 1487 1536 1538 1587
1538: 1488 1537 1539 1588
1539: 1489 1538 1540 1589
1540: 1490 1539 1541 1590
1541: 1491 1540 1542 1591
1542: 1492 1541 1543 1592
1543: 1493 1542 1544 1593
1544: 1494 1543 1545 1594
1545: 1495 1544 1546 1595
1546: 1496 1545 1547 1596
1547: 1497 1546 1548 1597
1548: 1498 1547 1549 1598
1549: 1499 1548 1599
1550: 1500 1551 1600
1551: 1501 1550 1552 1601
1552: 1502 1551 1553 1602
1553: 1503 1552 1554 1603
1554: 1504 1553 1555 1604
1555: 1505 1554 1556 1605
1556: 1506 1555 1557 1606
1557: 1507 1556 1558 1607
1558: 1508 1557 1559 1608
1559: 1509 1558 1560 1609
1560: 1510 1559 1561 1610
1561: 1511 1560 1562 1611
1562: 1512 1561 1563 1612
1563: 1513 1562 1564 1613
1564: 1514 1563 1565 1614
1565: 1515 1564 1566 1615
1566: 1516 1565 1567 1616
1567: 1517 1566 1568 1617
1568: 1518 1567 1569 1618
1569: 1519 1568 1570 1619
1570: 1520 1569 1571 1620
1571: 1521 1570 1572 1621
1572: 1522 1571 1573 1622
1573: 1523 1572 1574 1623
1574: 1524 1573 1575 1624
1575: 1525 1574 1576 1625
1576: 1526 1575 1577 1626
1577: 1527 1576 1578 1627
1578: 1528 1577 1579 1628
1579: 1529 1578 1580 1629
1580: 1530 1579 1581 1630
1581: 1531 1580 1582 1631
1582: 1532 1581 1583 1632
1583: 1533 1582 1584 1633
1584: 1534 1583 1585 1634
1585: 1535 1584 1586 1635
1586: 1536 1585 1587 1636
1587: 1537 1586 1588 1637
1588: 1538 1587 1589 1638
1589: 1539 1588 1590 1639
1590: 1540 1589 1591 1640
1591: 1541 1590 1592 1641
1592: 1542 1591 1593 1642
1593: 1543 1592 1594 1643
1594: 1544 1593 1595 1644
1595: 1545 1594 1596 1645
1596: 1546 1595 1597 1646
1597: 1547 1596 1598 1647
1598: 1548 1597 1599 1648
1599: 1549 1598 1649
1600: 1550 1601 1650
1601: 1551 1600 1602 1651
1602: 1552 1601 1603 1652
1603: 1553 1602 1604 1653
1604: 1554 1603 1605 1654
1605: 1555 1604 1606 1655
1606: 1556 1605 1607 1656
1607: 1557 1606 1608 1657
1608: 1558 1607 1609 1658
1609: 1559 1608 1610 1659
1610: 1560 1609 1611 1660
1611: 1561 1610 1612 1661
1612: 1562 1611 1613 1662
1613: 1563 1612 1614 1663
1614: 1564 1613 1615 1664
1615: 1565 1614 1616 1665
1616: 1566 1615 1617 1666
1617: 1567 1616 1618 1667
1618: 1568 1617 1619 1668
1619: 1569 1618 1620 1669
1620: 1570 1619 1621 1670
1621: 1571 1620 1622 1671
1622: 1572 1621 1623 1672
1623: 1573 1622 1624 1673
1624: 1574 1623 1625 1674
1625: 1575 1624 1626 1675
1626: 1576 1625 1627 1676
1627: 1577 1626 1628 1677
1628: 1578 1627 1629 1678
1629: 1579 1628 1630 1679
1630: 1580 1629 1631 1680
1631: 1581 1630 1632 1681
1632: 1582 1631 1633 1682
1633: 1583 1632 1634 1683
1634: 1584 1633 1635 1684
1635: 1585 1634 1636 1685
1636: 1586 1635 1637 1686
1637: 1587 1636 1638 1687
1638: 1588 1637 1639 1688
1639: 1589 1638 1640 1689
1640: 1590 1639 1641 1690
1641: 1591 1640 1642 1691
1642: 1592 1641 1643 1692
1643: 1593 1642 1644 1693
1644: 1594 1643 1645 1694
1645: 1595 1644 1646 1695
1646: 1596 1645 1647 1696
1647: 1597 1646 1648 1697
1648: 1598 1647 1649 1698
1649: 1599 1648 1699
1650: 1600 1651 1700
1651: 1601 1650 1652 1701
1652: 1602 1651 1653 1702
1653: 1603 1652 1654 1703
1654: 1604 1653 1655 1704
1655: 1605 1654 1656 1705
1656: 1606 1655 1657 1706
1657: 1607 1656 1658 1707
1658: 1608 1657 1659 1708
1659: 1609 1658 1660 1709
1660: 1610 1659 1661 1710
1661: 1611 1660 1662 1711
1662: 1612 1661 1663 1712
1663: 1613 1662 1664 1713
1664: 1614 1663 1665 1714
1665: 1615 1664 1666 1715
1666: 1616 1665 1667 1716
1667: 1617 1666 1668 1717
1668: 1618 1667 1669 1718
1669: 1619 1668 1670 1719
1670: 1620 1669 1671 1720
1671: 1621 1670 1672 1721
1672: 1622 1671 1673 1722
1673: 1623 1672 1674 1723
1674: 1624 1673 1675 1724
1675: 1625 1674 1676 1725
1676: 1626 1675 1677 1726
1677: 1627 1676 1678 1727
1678: 1628 1677 1679 1728
1679: 1629 1678 1680 1729
1680: 1630 1679 1681 1730
1681: 1631 1680 1682 1731
1682: 1632 1681 1683 1732
1683: 1633 1682 1684 1733
1684: 1634 1683 1685 1734
1685: 1635 1684 1686 1735
1686: 1636 1685 1687 1736
1687: 1637 1686 1688 1737
1688: 1638 1687 1689 1738
1689: 1639 1688 1690 1739
1690: 1640 1689 1691 1740
1691: 1641 1690 1692 1741
1692: 1642 1691 1693 1742
1693: 1643 1692 1694 1743
1694: 1644 1693 1695 1744
1695: 1645 1694 1696 1745
1696: 1646 1695 1697 1746
1697: 1647 1696 1698 1747
1698: 1648 1697 1699 1748
1699: 1649 1698 1749
1700: 1650 1701 1750
1701: 1651 1700 1702 1751
1702: 1652 1701 1703 1752
1703: 1653 1702 1704 1753
1704: 1654 1703 1705 1754
1705: 1655 1704 1706 1755
1706: 1656 1705 1707 1756
1707: 1657 1706 1708 1757
1708: 1658 1707 1709 1758
1709: 1659 1708 1710 1759
1710: 1660 1709 1711 1760
1711: 1661 1710 1712 1761
1712: 1662 1711 1713 1762
1713: 1663 1712 1714 1763
1714: 1664 1713 1715 1764
1715: 1665 1714 1716 1765
1716: 1666 1715 1717 1766
1717: 1667 1716 1718 1767
1718: 1668 1717 1719 1768
1719: 1669 1718 1720 1769
1720: 1670 1719 1721 1770
1721: 1671 1720 1722 1771
1722: 1672 1721 1723 1772
1723: 1673 1722 1724 1773
1724: 1674 1723 1725 1774
1725: 1675 1724 1726 1775
1726: 1676 1725 1727 1776
1727: 1677 1726 1728 1777
1728: 1678 1727 1729 1778
1729: 1679 1728 1730 1779
1730: 1680 1729 1731 1780
1731: 1681 1730 1732 1781
1732: 1682 1731 1733 1782
1733: 1683 1732 1734 1783
1734: 1684 1733 1735 1784
1735: 1685 1734 1736 1785
1736: 1686 1735 1737 1786
1737: 1687 1736 1738 1787
1738: 1688 1737 1739 1788
1739: 1689 1738 1740 1789
1740: 1690 1739 1741 1790
1741: 1691 1740 1742 1791
1742: 1692 1741 1743 1792
1743: 1693 1742 1744 1793
1744: 1694 1743 1745 1794
1745: 1695 1744 1746 1795
1746: 1696 1745 1747 1796
1747: 1697 1746 1748 1797
1748: 1698 1747 1749 1798
1749: 1699 1748 1799
1750: 1700 1751 1800
1751: 1701 1750 1752 1801
1752: 1702 1751 1753 1802
1753: 1703 1752 1754 1803
1754: 1704 1753 1755 1804
1755: 1705 1754 1756 1805
1756: 1706 1755 1757 1806
1757: 1707 1756 1758 1807
1758: 1708 1757 1759 1808
1759: 1709 1758 1760 1809
1760: 1710 1759 1761 1810
1761: 1711 1760 1762 1811
1762: 1712 1761 1763 1812
1763: 1713 1762 1764 1813
1764: 1714 1763 1765 1814
1765: 1715 1764 1766 1815
1766: 1716 1765 1767 1816
1767: 1717 1766 1768 1817
1768: 1718 1767 1769 1818
1769: 1719 1768 1770 1819
1770: 1720 1769 1771 1820
1771: 1721 1770 1772 1821
1772: 1722 1771 1773 1822
1773: 1723 1772 1774 1823
1774: 1724 1773 1775 1824
1775: 1725 1774 1776 1825
1776: 1726 1775 1777 1826
1777: 1727 1776 1778 1827
1778: 1728 1777 1779 1828
1779: 1729 1778 1780 1829
1780: 1730 1779 1781 1830
1781: 1731 1780 1782 1831
1782: 1732 1781 1783 1832
1783: 1733 1782 1784 1833
1784: 1734 1783 1785 1834
1785: 1735 1784 1786 1835
1786: 1736 1785 1787 1836
1787: 1737 1786 1788 1837
1788: 1738 1787 1789 1838
1789: 1739 1788 1790 1839
1790: 1740 1789 1791 1840
1791: 1741 1790 1792 1841
1792: 1742 1791 1793 1842
1793: 1743 1792 1794 1843
1794: 1744 1793 1795 1844
1795: 1745 1794 1796 1845
1796: 1746 1795 1797 1846
1797: 1747 1796 1798 1847
1798: 1748 1797 1799 1848
1799: 1749 1798 1849
1800: 1750 1801 1850
1801: 1751 1800 1802 1851
1802: 1752 1801 1803 1852
1803: 1753 1802 1804 1853
1804: 1754 1803 1805 1854
1805: 1755 1804 1806 1855
1806: 1756 1805 1807 1856
1807: 1757 1806 1808 1857
1808: 1758 1807 1809 1858
1809: 1759 1808 1810 1859
1810: 1760 1809 1811 1860
1811: 1761 1810 1812 1861
1812: 1762 1811 1813 1862
1813: 1763 1812 1814 1863
1814: 1764 1813 1815 1864
1815: 1765 1814 1816 1865
1816: 1766 1815 1817 1866
1817: 1767 1816 1818 1867
1818: 1768 1817 1819 1868
1819: 1769 1818 1820 1869
1820: 1770 1819 1821 1870
1821: 1771 1820 1822 1871
1822: 1772 1821 1823 1872
1823: 1773 1822 1824 1873
1824: 1774 1823 1825 1874
1825: 1775 1824 1826 1875
1826: 1776 1825 1827 1876
1827: 1777 1826 1828 1877
1828: 1778 1827 1829 1878
1829: 1779 1828 1830 1879
1830: 1780 1829 1831 1880
1831: 1781 1830 1832 1881
1832: 1782 1831 1833 1882
1833: 1783 1832 1834 1883
1834: 1784 1833 1835 1884
1835: 1785 1834 1836 1885
1836: 1786 1835 1837 1886
1837: 1787 1836 1838 1887
1838: 1788 1837 1839 1888
1839: 1789 1838 1840 1889
1840: 1790 1839 1841 1890
1841: 1791 1840 1842 1891
1842: 1792 1841 1843 1892
1843: 1793 1842 1844 1893
1844: 1794 1843 1845 1894
1845: 1795 1844 1846 1895
1846: 1796 1845 1847 1896
1847: 1797 1846 1848 1897
1848: 1798 1847 1849 1898
1849: 1799 1848 1899
1850: 1800 1851 1900
1851: 1801 1850 1852 1901
1852: 1802 1851 1853 1902
1853: 1803 1852 1854 1903
1854: 1804 1853 1855 1904
1855: 1805 1854 1856 1905
1856: 1806 1855 1857 1906
1857: 1807 1856 1858 1907
1858: 1808 1857 1859 1908
1859: 1809 1858 1860 1909
1860: 1810 1859 1861 1910
1861: 1811 1860 1862 1911
1862: 1812 1861 1863 1912
1863: 1813 1862 1864 1913
1864: 1814 1863 1865 1914
1865: 1815 1864 1866 1915
1866: 1816 1865 1867 1916
1867: 1817 1866 1868 1917
1868: 1818 1867 1869 1918
1869: 1819 1868 1870 1919
1870: 1820 1869 1871 1920
1871: 1821 1870 1872 1921
1872: 1822 1871 1873 1922
1873: 1823 1872 1874 1923
1874: 1824 1873 1875 1924
1875: 1825 1874 1876 1925
1876: 1826 1875 1877 1926
1877: 1827 1876 1878 1927
1878: 1828 1877 1879 1928
1879: 1829 1878 1880 1929
1880: 1830 1879 1881 1930
1881: 1831 1880 1882 1931
1882: 1832 1881 1883 1932
1883: 1833 1882 1884 1933
1884: 1834 1883 1885 1934
1885: 1835 1884 1886 1935
1886: 1836 1885 1887 1936
1887: 1837 1886 1888 1937
1888: 1838 1887 1889 1938
1889: 1839 1888 1890 1939
1890: 1840 1889 1891 1940
1891: 1841 1890 1892 1941
1892: 1842 1891 1893 1942
1893: 1843 1892 1894 1943
1894: 1844 1893 1895 1944
1895: 1845 1894 1896 1945
1896: 1846 1895 1897 1946
1897: 1847 1896 1898 1947
1898: 1848 1897 1899 1948
1899: 1849 1898 1949
1900: 1850 1901 1950
1901: 1851 1900 1902 1951
1902: 1852 1901 1903 1952
1903: 1853 1902 1904 1953
1904: 1854 1903 1905 1954
1905: 1855 1904 1906 1955
1906: 1856 1905 1907 1956
1907: 1857 1906 1908 1957
1908: 1858 1907 1909 1958
1909: 1859 1908 1910 1959
1910: 1860 1909 1911 1960
1911: 1861 1910 1912 1961
1912: 1862 1911 1913 1962
1913: 1863 1912 1914 1963
1914: 1864 1913 1915 1964
1915: 1865 1914 1916 1965
1916: 1866 1915 1917 1966
1917: 1867 1916 1918 1967
1918: 1868 1917 1919 1968
1919: 1869 1918 1920 1969
1920: 1870 1919 1921 1970
1921: 1871 1920 1922 1971
1922: 1872 1921 1923 1972
1923: 1873 1922 1924 1973
1924: 1874 1923 1925 1974
1925: 1875 1924 1926 1975
1926: 1876 1925 1927 1976
1927: 1877 1926 1928 1977
1928: 1878 1927 1929 1978
1929: 1879 1928 1930 1979
1930: 1880 1929 1931 1980
1931: 1881 1930 1932 1981
1932: 1882 1931 1933 1982
1933: 1883 1932 1934 1983
1934: 1884 1933 1935 1984
1935: 1885 1934 1936 1985
1936: 1886 1935 1937 1986
1937: 1887 1936 1938 1987
1938: 1888 1937 1939 1988
1939: 1889 1938 1940 1989
1940: 1890 1939 1941 1990
1941: 1891 1940 1942 1991
1942: 1892 1941 1943 1992
1943: 1893 1942 1944 1993
1944: 1894 1943 1945 1994
1945: 1895 1944 1946 1995
1946: 1896 1945 1947 1996
1947: 1897 1946 1948 1997
1948: 1898 1947 1949 1998
1949: 1899 1948 1999
1950: 1900 1951 2000
1951: 1901 1950 1952 2001
1952: 1902 1951 1953 2002
1953: 1903 1952 1954 2003
1954: 1904 1953 1955 2004
1955: 1905 1954 1956 2005
1956: 1906 1955 1957 2006
1957: 1907 1956 1958 2007
1958: 1908 1957 1959 2008
1959: 1909 1958 1960 2009
1960: 1910 1959 1961 2010
1961: 1911 1960 1962 2011
1962: 1912 1961 1963 2012
1963: 1913 1962 1964 2013
1964: 1914 1963 1965 2014
1965: 1915 1964 1966 2015
1966: 1916 1965 1967 2016
1967: 1917 1966 1968 2017
1968: 1918 1967 1969 2018
1969: 1919 1968 1970 2019
1970: 1920 1969 1971 2020
1971: 1921 1970 1972 2021
1972: 1922 1971 1973 2022
1973: 1923 1972 1974 2023
1974: 1924 1973 1975 2024
1975: 1925 1974 1976 2025
1976: 1926 1975 1977 2026
1977: 1927 1976 1978 2027
1978: 1928 1977 1979 2028
1979: 1929 1978 1980 2029
1980: 1930 1979 1981 2030
1981: 1931 1980 1982 2031
1982: 1932 1981 1983 2032
1983: 1933 1982 1984 2033
1984: 1934 1983 1985 2034
1985: 1935 1984 1986 2035
1986: 1936 1985 1987 2036
1987: 1937 1986 1988 2037
1988: 1938 1987 1989 2038
1989: 1939 1988 1990 2039
1990: 1940 1989 1991 2040
1991: 1941 1990 1992 2041
1992: 1942 1991 1993 2042
1993: 1943 1992 1994 2043
1994: 1944 1993 1995 2044
1995: 1945 1994 1996 2045
1996: 1946 1995 1997 2046
1997: 1947 1996 1998 2047
1998: 1948 1997 1999 2048
1999: 1949 1998 2049
2000: 1950 2001 2050
2001: 1951 2000 2002 2051
2002: 1952 2001 2003 2052
2003: 1953 2002 2004 2053
2004: 1954 2003 2005 2054
2005: 1955 2004 2006 2055
2006: 1956 2005 2007 2056
2007: 1957 2006 2008 2057
2008: 1958 2007 2009 2058
2009: 1959 2008 2010 2059
2010: 1960 2009 2011 2060
2011: 1961 2010 2012 2061
2012: 1962 2011 2013 2062
2013: 1963 2012 2014 2063
2014: 1964 2013 2015 2064
2015: 1965 2014 2016 2065
2016: 1966 2015 2017 2066
2017: 1967 2016 2018 2067
2018: 1968 2017 2019 2068
2019: 1969 2018 2020 2069
2020: 1970 2019 2021 2070
2021: 1971 2020 2022 2071
2022: 1972 2021 2023 2072
2023: 1973 2022 2024 2073
2024: 1974 2023 2025 2074
2025: 1975 2024 2026 2075
2026: 1976 2025 2027 2076
2027: 1977 2026 2028 2077
2028: 1978 2027 2029 2078
2029: 1979 2028 2030 2079
2030: 1980 2029 2031 2080
2031: 1981 2030 2032 2081
2032: 1982 2031 2033 2082
2033: 1983 2032 2034 2083
2034: 1984 2033 2035 2084
2035: 1985 2034 2036 2085
2036: 1986 2035 2037 2086
2037: 1987 2036 2038 2087
2038: 1988 2037 2039 2088
2039: 1989 2038 2040 2089
2040: 1990 2039 2041 2090
2041: 1991 2040 2042 2091
2042: 1992 2041 2043 2092
2043: 1993 2042 2044 2093
2044: 1994 2043 2045 2094
2045: 1995 2044 2046 2095
2046: 1996 2045 2047 2096
2047: 1997 2046 2048 2097
2048: 1998 2047 2049 2098
2049: 1999 2048 2099
2050: 2000 2051 2100
2051: 2001 2050 2052 2101
2052: 2002 2051 2053 2102
2053: 2003 2052 2054 2103
2054: 2004 2053 2055 2104
2055: 2005 2054 2056 2105
2056: 2006 2055 2057 2106
2057: 2007 2056 2058 2107
2058: 2008 2057 2059 2108
2059: 2009 2058 2060 2109
2060: 2010 2059 2061 2110
2061: 2011 2060 2062 2111
2062: 2012 2061 2063 2112
2063: 2013 2062 2064 2113
2064: 2014 2063 2065 2114
2065: 2015 2064 2066 2115
2066: 2016 2065 2067 2116
2067: 2017 2066 2068 2117
2068: 2018 2067 2069 2118
2069: 2019 2068 2070 2119
2070: 2020 2069 2071 2120
2071: 2021 2070 2072 2121
2072: 2022 2071 2073 2122
2073: 2023 2072 2074 2123
2074: 2024 2073 2075 2124
2075: 2025 2074 2076 2125
2076: 2026 2075 2077 2126
2077: 2027 2076 2078 2127
2078: 2028 2077 2079 2128
2079: 2029 2078 2080 2129
2080: 2030 2079 2081 2130
2081: 2031 2080 2082 2131
2082: 2032 2081 2083 2132
2083: 2033 2082 2084 2133
2084: 2034 2083 2085 2134
2085: 2035 2084 2086 2135
2086: 2036 2085 2087 2136
2087: 2037 2086 2088 2137
2088: 2038 2087 2089 2138
2089: 2039 2088 2090 2139
2090: 2040 2089 2091 2140
2091: 2041 2090 2092 2141
2092: 2042 2091 2093 2142
2093: 2043 2092 2094 2143
2094: 2044 2093 2095 2144
2095: 2045 2094 2096 2145
2096: 2046 2095 2097 2146
2097: 2047 2096 2098 2147
2098: 2048 2097 2099 2148
2099: 2049 2098 2149
2100: 2050 2101 2150
2101: 2051 2100 2102 2151
2102: 2052 2101 2103 2152
2103: 2053 2102 2104 2153
2104: 2054 2103 2105 2154
2105: 2055 2104 2106 2155
2106: 2056 2105 2107 2156
2107: 2057 2106 2108 2157
2108: 2058 2107 2109 2158
2109: 2059 2108 2110 2159
2110: 2060 2109 2111 2160
2111: 2061 2110 2112 2161
2112: 2062 2111 2113 2162
2113: 2063 2112 2114 2163
2114: 2064 2113 2115 2164
2115: 2065 2114 2116 2165
2116: 2066 2115 2117 2166
2117: 2067 2116 2118 2167
2118: 2068 2117 2119 2168
2119: 2069 2118 2120 2169
2120: 2070 2119 2121 2170
2121: 2071 2120 2122 2171
2122: 2072 2121 2123 2172
2123: 2073 2122 2124 2173
2124: 2074 2123 2125 2174
2125: 2075 2124 2126 2175
2126: 2076 2125 2127 2176
2127: 2077 2126 2128 2177
2128: 2078 2127 2129 2178
2129: 2079 2128 2130 2179
2130: 2080 2129 2131 2180
2131: 2081 2130 2132 2181
2132: 2082 2131 2133 2182
2133: 2083 2132 2134 2183
2134: 2084 2133 2135 2184
2135: 2085 2134 2136 2185
2136: 2086 2135 2137 2186
2137: 2087 2136 2138 2187
2138: 2088 2137 2139 2188
2139: 2089 2138 2140 2189
2140: 2090 2139 2141 2190
2141: 2091 2140 2142 2191
2142: 2092 2141 2143 2192
2143: 2093 2142 2144 2193
2144: 2094 2143 2145 2194
2145: 2095 2144 2146 2195
2146: 2096 2145 2147 2196
2147: 2097 2146 2148 2197
2148: 2098 2147 2149 2198
2149: 2099 2148 2199
2150: 2100 2151 2200
2151: 2101 2150 2152 2201
2152: 2102 2151 2153 2202
2153: 2103 2152 2154 2203
2154: 2104 2153 2155 2204
2155: 2105 2154 2156 2205
2156: 2106 2155 2157 2206
2157: 2107 2156 2158 2207
2158: 2108 2157 2159 2208
2159: 2109 2158 2160 2209
2160: 2110 2159 2161 2210
2161: 2111 2160 2162 2211
2162: 2112 2161 2163 2212
2163: 2113 2162 2164 2213
2164: 2114 2163 2165 2214
2165: 2115 2164 2166 2215
2166: 2116 2165 2167 2216
2167: 2117 2166 2168 2217
2168: 2118 2167 2169 2218
2169: 2119 2168 2170 2219
2170: 2120 2169 2171 2220
2171: 2121 2170 2172 2221
2172: 2122 2171 2173 2222
2173: 2123 2172 2174 2223
2174: 2124 2173 2175 2224
2175: 2125 2174 2176 2225
2176: 2126 2175 2177 2226
2177: 2127 2176 2178 2227
2178: 2128 2177 2179 2228
2179: 2129 2178 2180 2229
2180: 2130 2179 2181 2230
2181: 2131 2180 2182 2231
2182: 2132 2181 2183 2232
2183: 2133 2182 2184 2233
2184: 2134 2183 2185 2234
2185: 2135 2184 2186 2235
2186: 2136 2185 2187 2236
2187: 2137 2186 2188 2237
2188: 2138 2187 2189 2238
2189: 2139 2188 2190 2239
2190: 2140 2189 2191 2240
2191: 2141 2190 2192 2241
2192: 2142 2191 2193 2242
2193: 2143 2192 2194 2243
2194: 2144 2193 2195 2244
2195: 2145 2194 2196 2245
2196: 2146 2195 2197 2246
2197: 2147 2196 2198 2247
2198: 2148 2197 2199 2248
2199: 2149 2198 2249
2200: 2150 2201 2250
2201: 2151 2200 2202 2251
2202: 2152 2201 2203 2252
2203: 2153 2202 2204 2253
2204: 2154 2203 2205 2254
2205: 2155 2204 2206 2255
2206: 2156 2205 2207 2256
2207: 2157 2206 2208 2257
2208: 2158 2207 2209 2258
2209: 2159 2208 2210 2259
2210: 2160 2209 2211 2260
2211: 2161 2210 2212 2261
2212: 2162 2211 2213 2262
2213: 2163 2212 2214 2263
2214: 2164 2213 2215 2264
2215: 2165 2214 2216 2265
2216: 2166 2215 2217 2266
2217: 2167 2216 2218 2267
2218: 2168 2217 2219 2268
2219: 2169 2218 2220 2269
2220: 2170 2219 2221 2270
2221: 2171 2220 2222 2271
2222: 2172 2221 2223 2272
2223: 2173 2222 2224 2273
2224: 2174 2223 2225 2274
2225: 2175 2224 2226 2275
2226: 2176 2225 2227 2276
2227: 2177 2226 2228 2277
2228: 2178 2227 2229 2278
2229: 2179 2228 2230 2279
2230: 2180 2229 2231 2280
2231: 2181 2230 2232 2281
2232: 2182 2231 2233 2282
2233: 2183 2232 2234 2283
2234: 2184 2233 2235 2284
2235: 2185 2234 2236 2285
2236: 2186 2235 2237 2286
2237: 2187 2236 2238 2287
2238: 2188 2237 2239 2288
2239: 2189 2238 2240 2289
2240: 2190 2239 2241 2290
2241: 2191 2240 2242 2291
2242: 2192 2241 2243 2292
2243: 2193 2242 2244 2293
2244: 2194 2243 2245 2294
2245: 2195 2244 2246 2295
2246: 2196 2245 2247 2296
2247: 2197 2246 2248 2297
2248: 2198 2247 2249 2298
2249: 2199 2248 2299
2250: 2200 2251 2300
2251: 2201 2250 2252 2301
2252: 2202 2251 2253 2302
2253: 2203 2252 2254 2303
2254: 2204 2253 2255 2304
2255: 2205 2254 2256 2305
2256: 2206 2255 2257 2306
2257: 2207 2256 2258 2307
2258: 2208 2257 2259 2308
2259: 2209 2258 2260 2309
2260: 2210 2259 2261 2310
2261: 2211 2260 2262 2311
2262: 2212 2261 2263 2312
2263: 2213 2262 2264 2313
2264: 2214 2263 2265 2314
2265: 2215 2264 2266 2315
2266: 2216 2265 2267 2316
2267: 2217 2266 2268 2317
2268: 2218 2267 2269 2318
2269: 2219 2268 2270 2319
2270: 2220 2269 2271 2320
2271: 2221 2270 2272 2321
2272: 2222 2271 2273 2322
2273: 2223 2272 2274 2323
2274: 2224 2273 2275 2324
2275: 2225 2274 2276 2325
2276: 2226 2275 2277 2326
2277: 2227 2276 2278 2327
2278: 2228 2277 2279 2328
2279: 2229 2278 2280 2329
2280: 2230 2279 2281 2330
2281: 2231 2280 2282 2331
2282: 2232 2281 2283 2332
2283: 2233 2282 2284 2333
2284: 2234 2283 2285 2334
2285: 2235 2284 2286 2335
2286: 2236 2285 2287 2336
2287: 2237 2286 2288 2337
2288: 2238 2287 2289 2338
2289: 2239 2288 2290 2339
2290: 2240 2289 2291 2340
2291: 2241 2290 2292 2341
2292: 2242 2291 2293 2342
2293: 2243 2292 2294 2343
2294: 2244 2293 2295 2344
2295: 2245 2294 2296 2345
2296: 2246 2295 2297 2346
2297: 2247 2296 2298 2347
2298: 2248 2297 2299 2348
2299: 2249 2298 2349
2300: 2250 2301 2350
2301: 2251 2300 2302 2351
2302: 2252 2301 2303 2352
2303: 2253 2302 2304 2353
2304: 2254 2303 2305 2354
2305: 2255 2304 2306 2355
2306: 2256 2305 2307 2356
2307: 2257 2306 2308 2357
2308: 2258 2307 2309 2358
2309: 2259 2308 2310 2359
2310: 2260 2309 2311 2360
2311: 2261 2310 2312 2361
2312: 2262 2311 2313 2362
2313: 2263 2312 2314 2363
2314: 2264 2313 2315 2364
2315: 2265 2314 2316 2365
2316: 2266 2315 2317 2366
2317: 2267 2316 2318 2367
2318: 2268 2317 2319 2368
2319: 2269 2318 2320 2369
2320: 2270 2319 2321 2370
2321: 2271 2320 2322 2371
2322: 2272 2321 2323 2372
2323: 2273 2322 2324 2373
2324: 2274 2323 2325 2374
2325: 2275 2324 2326 2375
2326: 2276 2325 2327 2376
2327: 2277 2326 2328 2377
2328: 2278 2327 2329 2378
2329: 2279 2328 2330 2379
2330: 2280 2329 2331 2380
2331: 2281 2330 2332 2381
2332: 2282 2331 2333 2382
2333: 2283 2332 2334 2383
2334: 2284 2333 2335 2384
2335: 2285 2334 2336 2385
2336: 2286 2335 2337 2386
2337: 2287 2336 2338 2387
2338: 2288 2337 2339 2388
2339: 2289 2338 2340 2389
2340: 2290 2339 2341 2390
2341: 2291 2340 2342 2391
2342: 2292 2341 2343 2392
2343: 2293 2342 2344 2393
2344: 2294 2343 2345 2394
2345: 2295 2344 2346 2395
2346: 2296 2345 2347 2396
2347: 2297 2346 2348 2397
2348: 2298 2347 2349 2398
2349: 2299 2348 2399
2350: 2300 2351 2400
2351: 2301 2350 2352 2401
2352: 2302 2351 2353 2402
2353: 2303 2352 2354 2403
2354: 2304 2353 2355 2404
2355: 2305 2354 2356 2405
2356: 2306 2355 2357 2406
2357: 2307 2356 2358 2407
2358: 2308 2357 2359 2408
2359: 2309 2358 2360 2409
2360: 2310 2359 2361 2410
2361: 2311 2360 2362 2411
2362: 2312 2361 2363 2412
2363: 2313 2362 2364 2413
2364: 2314 2363 2365 2414
2365: 2315 2364 2366 2415
2366: 2316 2365 2367 2416
2367: 2317 2366 2368 2417
2368: 2318 2367 2369 2418
2369: 2319 2368 2370 2419
2370: 2320 2369 2371 2420
2371: 2321 2370 2372 2421
2372: 2322 2371 2373 2422
2373: 2323 2372 2374 2423
2374: 2324 2373 2375 2424
2375: 2325 2374 2376 2425
2376: 2326 2375 2377 2426
2377: 2327 2376 2378 2427
2378: 2328 2377 2379 2428
2379: 2329 2378 2380 2429
2380: 2330 2379 2381 2430
2381: 2331 2380 2382 2431
2382: 2332 2381 2383 2432
2383: 2333 2382 2384 2433
2384: 2334 2383 2385 2434
2385: 2335 2384 2386 2435
2386: 2336 2385 2387 2436
2387: 2337 2386 2388 2437
2388: 2338 2387 2389 2438
2389: 2339 2388 2390 2439
2390: 2340 2389 2391 2440
2391: 2341 2390 2392 2441
2392: 2342 2391 2393 2442
2393: 2343 2392 2394 2443
2394: 2344 2393 2395 2444
2395: 2345 2394 2396 2445
2396: 2346 2395 2397 2446
2397: 2347 2396 2398 2447
2398: 2348 2397 2399 2448
2399: 2349 2398 2449
2400: 2350 2401 2450
2401: 2351 2400 2402 2451
2402: 2352 2401 2403 2452
2403: 2353 2402 2404 2453
2404: 2354 2403 2405 2454
2405: 2355 2404 2406 2455
2406: 2356 2405 2407 2456
2407: 2357 2406 2408 2457
2408: 2358 2407 2409 2458
2409: 2359 2408 2410 2459
2410: 2360 2409 2411 2460
2411: 2361 2410 2412 2461
2412: 2362 2411 2413 2462
2413: 2363 2412 2414 2463
2414: 2364 2413 2415 2464
2415: 2365 2414 2416 2465
2416: 2366 2415 2417 2466
2417: 2367 2416 2418 2467
2418: 2368 2417 2419 2468
2419: 2369 2418 2420 2469
2420: 2370 2419 2421 2470
2421: 2371 2420 2422 2471
2422: 2372 2421 2423 2472
2423: 2373 2422 2424 2473
2424: 2374 2423 2425 2474
2425: 2375 2424 2426 2475
2426: 2376 2425 2427 2476
2427: 2377 2426 2428 2477
2428: 2378 2427 2429 2478
2429: 2379 2428 2430 2479
2430: 2380 2429 2431 2480
2431: 2381 2430 2432 2481
2432: 2382 2431 2433 2482
2433: 2383 2432 2434 2483
2434: 2384 2433 2435 2484
2435: 2385 2434 2436 2485
2436: 2386 2435 2437 2486
2437: 2387 2436 2438 2487
2438: 2388 2437 2439 2488
2439: 2389 2438 2440 2489
2440: 2390 2439 2441 2490
2441: 2391 2440 2442 2491
2442: 2392 2441 2443 2492
2443: 2393 2442 2444 2493
2444: 2394 2443 2445 2494
2445: 2395 2444 2446 2495
2446: 2396 2445 2447 2496
2447: 2397 2446 2448 2497
2448: 2398 2447 2449 2498
2449: 2399 2448 2499
2450: 2400 2451
2451: 2401 2450 2452
2452: 2402 2451 2453
2453: 2403 2452 2454
2454: 2404 2453 2455
2455: 2405 2454 2456
2456: 2406 2455 2457
2457: 2407 2456 2458
2458: 2408 2457 2459
2459: 2409 2458 2460
2460: 2410 2459 2461
2461: 2411 2460 2462
2462: 2412 2461 2463
2463: 2413 2462 2464
2464: 2414 2463 2465
2465: 2415 2464 2466
2466: 2416 2465 2467
2467: 2417 2466 2468
2468: 2418 2467 2469
2469: 2419 2468 2470
2470: 2420 2469 2471
2471: 2421 2470 2472
2472: 2422 2471 2473
2473: 2423 2472 2474
2474: 2424 2473 2475
2475: 2425 2474 2476
2476: 2426 2475 2477
2477: 2427 2476 2478
2478: 2428 2477 2479
2479: 2429 2478 2480
2480: 2430 2479 2481
2481: 2431 2480 2482
2482: 2432 2481 2483
2483: 2433 2482 2484
2484: 2434 2483 2485
2485: 2435 2484 2486
2486: 2436 2485 2487
2487: 2437 2486 2488
2488: 2438 2487 2489
2489: 2439 2488 2490
2490: 2440 2489 2491
2491: 2441 2490 2492
2492: 2442 2491 2493
2493: 2443 2492 2494
2494: 2444 2493 2495
2495: 2445 2494 2496
2496: 2446 2495 2497
2497: 2447 2496 2498
2498: 2448 2497 2499
2499: 2449 2498
