0: 1 25
1: 0 2 26
2: 1 3 27
3: 2 4 28
4: 3 5 29
5: 4 6 30
6: 5 7 31
7: 6 8 32
8: 7 9 33
9: 8 10 34
10: 9 11 35
11: 10 12 36
12: 11 13 37
13: 12 14 38
14: 13 15 39
15: 14 16 40
16: 15 17 41
17: 16 18 42
18: 17 19 43
19: 18 20 44
20: 19 21 45
21: 20 22 46
22: 21 23 47
23: 22 24 48
24: 23 49
25: 0 26 50
26: 1 25 27 51
27: 2 26 28 52
28: 3 27 29 53
29: 4 28 30 54
30: 5 29 31 55
31: 6 30 32 56
32: 7 31 33 57
33: 8 32 34 58
34: 9 33 35 59
35: 10 34 36 60
36: 11 35 37 61
37: 12 36 38 62
38: 13 37 39 63
39: 14 38 40 64
40: 15 39 41 65
41: 16 40 42 66
42: 17 41 43 67
43: 18 42 44 68
44: 19 43 45 69
45: 20 44 46 70
46: 21 45 47 71
47: 22 46 48 72
48: 23 47 49 73
49: 24 48 74
50: 25 51 75
51: 26 50 52 76
52: 27 51 53 77
53: 28 52 54 78
54: 29 53 55 79
55: 30 54 56 80
56: 31 55 57 81
57: 32 56 58 82
58: 33 57 59 83
59: 34 58 60 84
60: 35 59 61 85
61: 36 60 62 86
62: 37 61 63 87
63: 38 62 64 88
64: 39 63 65 89
65: 40 64 66 90
66: 41 65 67 91
67: 42 66 68 92
68: 43 67 69 93
69: 44 68 70 94
70: 45 69 71 95
71: 46 70 72 96
72: 47 71 73 97
73: 48 72 74 98
74: 49 73 99
75: 50 76 100
76: 51 75 77 101
77: 52 76 78 102
78: 53 77 79 103
79: 54 78 80 104
80: 55 79 81 105
81: 56 80 82 106
82: 57 81 83 107
83: 58 82 84 108
84: 59 83 85 109
85: 60 84 86 110
86: 61 85 87 111
87: 62 86 88 112
88: 63 87 89 113
89: 64 88 90 114
90: 65 89 91 115
91: 66 90 92 116
92: 67 91 93 117
93: 68 92 94 118
94: 69 93 95 119
95: 70 94 96 120
96: 71 95 97 121
97: 72 96 98 122
98: 73 97 99 123
99: 74 98 124
100: 75 101 125
101: 76 100 102 126
102: 77 101 103 127
103: 78 102 104 128
104: 79 103 105 129
105: 80 104 106 130
106: 81 105 107 131
107: 82 106 108 132
108: 83 107 109 133
109: 84 108 110 134
110: 85 109 111 135
111: 86 110 112 136
112: 87 111 113 137
113: 88 112 114 138
114: 89 113 115 139
115: 90 114 116 140
116: 91 115 117 141
117: 92 116 118 142
118: 93 117 119 143
119: 94 118 120 144
120: 95 119 121 145
121: 96 120 122 146
122: 97 121 123 147
123: 98 122 124 148
124: 99 123 149
125: 100 126 150
126: 101 125 127 151
127: 102 126 128 152
128: 103 127 129 153
129: 104 128 130 154
130: 105 129 131 155
131: 106 130 132 156
132: 107 131 133 157
133: 108 132 134 158
134: 109 133 135 159
135: 110 134 136 160
136: 111 135 137 161
137: 112 136 138 162
138: 113 137 139 163
139: 114 138 140 164
140: 115 139 141 165
141: 116 140 142 166
142: 117 141 143 167
143: 118 142 144 168
144: 119 143 145 169
145: 120 144 146 170
146: 121 145 147 171
147: 122 146 148 172
148: 123 147 149 173
149: 124 148 174
150: 125 151 175
151: 126 150 152 176
152: 127 151 153 177
153: 128 152 154 178
154: 129 153 155 179
155: 130 154 156 180
156: 131 155 157 181
157: 132 156 158 182
158: 133 157 159 183
159: 134 158 160 184
160: 135 159 161 185
161: 136 160 162 186
162: 137 161 163 187
163: 138 162 164 188
164: 139 163 165 189
165: 140 164 166 190
166: 141 165 167 191
167: 142 166 168 192
168: 143 167 169 193
169: 144 168 170 194
170: 145 169 171 195
171: 146 170 172 196
172: 147 171 173 197
173: 148 172 174 198
174: 149 173 199
175: 150 176 200
176: 151 175 177 201
177: 152 176 178 202
178: 153 177 179 203
179: 154 178 180 204
180: 155 179 181 205
181: 156 180 182 206
182: 157 181 183 207
183: 158 182 184 208
184: 159 183 185 209
185: 160 184 186 210
186: 161 185 187 211
187: 162 186 188 212
188: 163 187 189 213
189: 164 188 190 214
190: 165 189 191 215
191: 166 190 192 216
192: 167 191 193 217
193: 168 192 194 218
194: 169 193 195 219
195: 170 194 196 220
196: 171 195 197 221
197: 172 196 198 222
198: 173 197 199 223
199: 174 198 224
200: 175 201 225
201: 176 200 202 226
202: 177 201 203 227
203: 178 202 204 228
204: 179 203 205 229
205: 180 204 206 230
206: 181 205 207 231
207: 182 206 208 232
208: 183 207 209 233
209: 184 208 210 234
210: 185 209 211 235
211: 186 210 212 236
212: 187 211 213 237
213: 188 212 214 238
214: 189 213 215 239
215: 190 214 216 240
216: 191 215 217 241
217: 192 216 218 242
218: 193 217 219 243
219: 194 218 220 244
220: 195 219 221 245
221: 196 220 222 246
222: 197 221 223 247
223: 198 222 224 248
224: 199 223 249
225: 200 226 250
226: 201 225 227 251
227: 202 226 228 252
228: 203 227 229 253
229: 204 228 230 254
230: 205 229 231 255
231: 206 230 232 256
232: 207 231 233 257
233: 208 232 234 258
234: 209 233 235 259
235: 210 234 236 260
236: 211 235 237 261
237: 212 236 238 262
238: 213 237 239 263
239: 214 238 240 264
240: 215 239 241 265
241: 216 240 242 266
242: 217 241 243 267
243: 218 242 244 268
244: 219 243 245 269
245: 220 244 246 270
246: 221 245 247 271
247: 222 246 248 272
248: 223 247 249 273
249: 224 248 274
250: 225 251 275
251: 226 250 252 276
252: 227 251 253 277
253: 228 252 254 278
254: 229 253 255 279
255: 230 254 256 280
256: 231 255 257 281
257: 232 256 258 282
258: 233 257 259 283
259: 234 258 260 284
260: 235 259 261 285
261: 236 260 262 286
262: 237 261 263 287
263: 238 262 264 288
264: 239 263 265 289
265: 240 264 266 290
266: 241 265 267 291
267: 242 266 268 292
268: 243 267 269 293
269: 244 268 270 294
270: 245 269 271 295
271: 246 270 272 296
272: 247 271 273 297
273: 248 272 274 298
274: 249 273 299
275: 250 276 300
276: 251 275 277 301
277: 252 276 278 302
278: 253 277 279 303
279: 254 278 280 304
280: 255 279 281 305
281: 256 280 282 306
282: 257 281 283 307
283: 258 282 284 308
284: 259 283 285 309
285: 260 284 286 310
286: 261 285 287 311
287: 262 286 288 312
288: 263 287 289 313
289: 264 288 290 314
290: 265 289 291 315
291: 266 290 292 316
292: 267 291 293 317
293: 268 292 294 318
294: 269 293 295 319
295: 270 294 296 320
296: 271 295 297 321
297: 272 296 298 322
298: 273 297 299 323
299: 274 298 324
300: 275 301 325
301: 276 300 302 326
302: 277 301 303 327
303: 278 302 304 328
304: 279 303 305 329
305: 280 304 306 330
306: 281 305 307 331
307: 282 306 308 332
308: 283 307 309 333
309: 284 308 310 334
310: 285 309 311 335
311: 286 310 312 336
312: 287 311 313 337
313: 288 312 314 338
314: 289 313 315 339
315: 290 314 316 340
316: 291 315 317 341
317: 292 316 318 342
318: 293 317 319 343
319: 294 318 320 344
320: 295 319 321 345
321: 296 320 322 346
322: 297 321 323 347
323: 298 322 324 348
324: 299 323 349
325: 300 326 350
326: 301 325 327 351
327: 302 326 328 352
328: 303 327 329 353
329: 304 328 330 354
330: 305 329 331 355
331: 306 330 332 356
332: 307 331 333 357
333: 308 332 334 358
334: 309 333 335 359
335: 310 334 336 360
336: 311 335 337 361
337: 312 336 338 362
338: 313 337 339 363
339: 314 338 340 364
340: 315 339 341 365
341: 316 340 342 366
342: 317 341 343 367
343: 318 342 344 368
344: 319 343 345 369
345: 320 344 346 370
346: 321 345 347 371
347: 322 346 348 372
348: 323 347 349 373
349: 324 348 374
350: 325 351 375
351: 326 350 352 376
352: 327 351 353 377
353: 328 352 354 378
354: 329 353 355 379
355: 330 354 356 380
356: 331 355 357 381
357: 332 356 358 382
358: 333 357 359 383
359: 334 358 360 384
360: 335 359 361 385
361: 336 360 362 386
362: 337 361 363 387
363: 338 362 364 388
364: 339 363 365 389
365: 340 364 366 390
366: 341 365 367 391
367: 342 366 368 392
368: 343 367 369 393
369: 344 368 370 394
370: 345 369 371 395
371: 346 370 372 396
372: 347 371 373 397
373: 348 372 374 398
374: 349 373 399
375: 350 376 400
376: 351 375 377 401
377: 352 376 378 402
378: 353 377 379 403
379: 354 378 380 404
380: 355 379 381 405
381: 356 380 382 406
382: 357 381 383 407
383: 358 382 384 408
384: 359 383 385 409
385: 360 384 386 410
386: 361 385 387 411
387: 362 386 388 412
388: 363 387 389 413
389: 364 388 390 414
390: 365 389 391 415
391: 366 390 392 416
392: 367 391 393 417
393: 368 392 394 418
394: 369 393 395 419
395: 370 394 396 420
396: 371 395 397 421
397: 372 396 398 422
398: 373 397 399 423
399: 374 398 424
400: 375 401 425
401: 376 400 402 426
402: 377 401 403 427
403: 378 402 404 428
404: 379 403 405 429
405: 380 404 406 430
406: 381 405 407 431
407: 382 406 408 432
408: 383 407 409 433
409: 384 408 410 434
410: 385 409 411 435
411: 386 410 412 436
412: 387 411 413 437
413: 388 412 414 438
414: 389 413 415 439
415: 390 414 416 440
416: 391 415 417 441
417: 392 416 418 442
418: 393 417 419 443
419: 394 418 420 444
420: 395 419 421 445
421: 396 420 422 446
422: 397 421 423 447
423: 398 422 424 448
424: 399 423 449
425: 400 426 450
426: 401 425 427 451
427: 402 426 428 452
428: 403 427 429 453
429: 404 428 430 454
430: 405 429 431 455
431: 406 430 432 456
432: 407 431 433 457
433: 408 432 434 458
434: 409 433 435 459
435: 410 434 436 460
436: 411 435 437 461
437: 412 436 438 462
438: 413 437 439 463
439: 414 438 440 464
440: 415 439 441 465
441: 416 440 442 466
442: 417 441 443 467
443: 418 442 444 468
444: 419 443 445 469
445: 420 444 446 470
446: 421 445 447 471
447: 422 446 448 472
448: 423 447 449 473
449: 424 448 474
450: 425 451 475
451: 426 450 452 476
452: 427 451 453 477
453: 428 452 454 478
454: 429 453 455 479
455: 430 454 456 480
456: 431 455 457 481
457: 432 456 458 482
458: 433 457 459 483
459: 434 458 460 484
460: 435 459 461 485
461: 436 460 462 486
462: 437 461 463 487
463: 438 462 464 488
464: 439 463 465 489
465: 440 464 466 490
466: 441 465 467 491
467: 442 466 468 492
468: 443 467 469 493
469: 444 468 470 494
470: 445 469 471 495
471: 446 470 472 496
472: 447 471 473 497
473: 448 472 474 498
474: 449 473 499
475: 450 476 500
476: 451 475 477 501
477: 452 476 478 502
478: 453 477 479 503
479: 454 478 480 504
480: 455 479 481 505
481: 456 480 482 506
482: 457 481 483 507
483: 458 482 484 508
484: 459 483 485 509
485: 460 484 486 510
486: 461 485 487 511
487: 462 486 488 512
488: 463 487 489 513
489: 464 488 490 514
490: 465 489 491 515
491: 466 490 492 516
492: 467 491 493 517
493: 468 492 494 518
494: 469 493 495 519
495: 470 494 496 520
496: 471 495 497 521
497: 472 496 498 522
498: 473 497 499 523
499: 474 498 524
500: 475 501 525
501: 476 500 502 526
502: 477 501 503 527
503: 478 502 504 528
504: 479 503 505 529
505: 480 504 506 530
506: 481 505 507 531
507: 482 506 508 532
508: 483 507 509 533
509: 484 508 510 534
510: 485 509 511 535
511: 486 510 512 536
512: 487 511 513 537
513: 488 512 514 538
514: 489 513 515 539
515: 490 514 516 540
516: 491 515 517 541
517: 492 516 518 542
518: 493 517 519 543
519: 494 518 520 544
520: 495 519 521 545
521: 496 520 522 546
522: 497 521 523 547
523: 498 522 524 548
524: 499 523 549
525: 500 526 550
526: 501 525 527 551
527: 502 526 528 552
528: 503 527 529 553
529: 504 528 530 554
530: 505 529 531 555
531: 506 530 532 556
532: 507 531 533 557
533: 508 532 534 558
534: 509 533 535 559
535: 510 534 536 560
536: 511 535 537 561
537: 512 536 538 562
538: 513 537 539 563
539: 514 538 540 564
540: 515 539 541 565
541: 516 540 542 566
542: 517 541 543 567
543: 518 542 544 568
544: 519 543 545 569
545: 520 544 546 570
546: 521 545 547 571
547: 522 546 548 572
548: 523 547 549 573
549: 524 548 574
550: 525 551 575
551: 526 550 552 576
552: 527 551 553 577
553: 528 552 554 578
554: 529 553 555 579
555: 530 554 556 580
556: 531 555 557 581
557: 532 556 558 582
558: 533 557 559 583
559: 534 558 560 584
560: 535 559 561 585
561: 536 560 562 586
562: 537 561 563 587
563: 538 562 564 588
564: 539 563 565 589
565: 540 564 566 590
566: 541 565 567 591
567: 542 566 568 592
568: 543 567 569 593
569: 544 568 570 594
570: 545 569 571 595
571: 546 570 572 596
572: 547 571 573 597
573: 548 572 574 598
574: 549 573 599
575: 550 576 600
576: 551 575 577 601
577: 552 576 578 602
578: 553 577 579 603
579: 554 578 580 604
580: 555 579 581 605
581: 556 580 582 606
582: 557 581 583 607
583: 558 582 584 608
584: 559 583 585 609
585: 560 584 586 610
586: 561 585 587 611
587: 562 586 588 612
588: 563 587 589 613
589: 564 588 590 614
590: 565 589 591 615
591: 566 590 592 616
592: 567 591 593 617
593: 568 592 594 618
594: 569 593 595 619
595: 570 594 596 620
596: 571 595 597 621
597: 572 596 598 622
598: 573 597 599 623
599: 574 598 624
600: 575 601
601: 576 600 602
602: 577 601 603
603: 578 602 604
604: 579 603 605
605: 580 604 606
606: 581 605 607
607: 582 606 608
608: 583 607 609
609: 584 608 610
610: 585 609 611
611: 586 610 612
612: 587 611 613
613: 588 612 614
614: 589 613 615
615: 590 614 616
616: 591 615 617
617: 592 616 618
618: 593 617 619
619: 594 618 620
620: 595 619 621
621: 596 620 622
622: 597 621 623
623: 598 622 624
624: 599 623
