0: 1 17
1: 0 2 18
2: 1 3 19
3: 2 4 20
4: 3 5 21
5: 4 6 22
6: 5 7 23
7: 6 8 24
8: 7 9 25
9: 8 10 26
10: 9 11 27
11: 10 12 28
12: 11 13 29
13: 12 14 30
14: 13 15 31
15: 14 16 32
16: 15 33
17: 0 18 34
18: 1 17 19 35
19: 2 18 20 36
20: 3 19 21 37
21: 4 20 22 38
22: 5 21 23 39
23: 6 22 24 40
24: 7 23 25 41
25: 8 24 26 42
26: 9 25 27 43
27: 10 26 28 44
28: 11 27 29 45
29: 12 28 30 46
30: 13 29 31 47
31: 14 30 32 48
32: 15 31 33 49
33: 16 32 50
34: 17 35 51
35: 18 34 36 52
36: 19 35 37 53
37: 20 36 38 54
38: 21 37 39 55
39: 22 38 40 56
40: 23 39 41 57
41: 24 40 42 58
42: 25 41 43 59
43: 26 42 44 60
44: 27 43 45 61
45: 28 44 46 62
46: 29 45 47 63
47: 30 46 48 64
48: 31 47 49 65
49: 32 48 50 66
50: 33 49 67
51: 34 52 68
52: 35 51 53 69
53: 36 52 54 70
54: 37 53 55 71
55: 38 54 56 72
56: 39 55 57 73
57: 40 56 58 74
58: 41 57 59 75
59: 42 58 60 76
60: 43 59 61 77
61: 44 60 62 78
62: 45 61 63 79
63: 46 62 64 80
64: 47 63 65 81
65: 48 64 66 82
66: 49 65 67 83
67: 50 66 84
68: 51 69 85
69: 52 68 70 86
70: 53 69 71 87
71: 54 70 72 88
72: 55 71 73 89
73: 56 72 74 90
74: 57 73 75 91
75: 58 74 76 92
76: 59 75 77 93
77: 60 76 78 94
78: 61 77 79 95
79: 62 78 80 96
80: 63 79 81 97
81: 64 80 82 98
82: 65 81 83 99
83: 66 82 84 100
84: 67 83 101
85: 68 86 102
86: 69 85 87 103
87: 70 86 88 104
88: 71 87 89 105
89: 72 88 90 106
90: 73 89 91 107
91: 74 90 92 108
92: 75 91 93 109
93: 76 92 94 110
94: 77 93 95 111
95: 78 94 96 112
96: 79 95 97 113
97: 80 96 98 114
98: 81 97 99 115
99: 82 98 100 116
100: 83 99 101 117
101: 84 100 118
102: 85 103 119
103: 86 102 104 120
104: 87 103 105 121
105: 88 104 106 122
106: 89 105 107 123
107: 90 106 108 124
108: 91 107 109 125
109: 92 108 110 126
110: 93 109 111 127
111: 94 110 112 128
112: 95 111 113 129
113: 96 112 114 130
114: 97 113 115 131
115: 98 114 116 132
116: 99 115 117 133
117: 100 116 118 134
118: 101 117 135
119: 102 120 136
120: 103 119 121 137
121: 104 120 122 138
122: 105 121 123 139
123: 106 122 124 140
124: 107 123 125 141
125: 108 124 126 142
126: 109 125 127 143
127: 110 126 128 144
128: 111 127 129 145
129: 112 128 130 146
130: 113 129 131 147
131: 114 130 132 148
132: 115 131 133 149
133: 116 132 134 150
134: 117 133 135 151
135: 118 134 152
136: 119 137 153
137: 120 136 138 154
138: 121 137 139 155
139: 122 138 140 156
140: 123 139 141 157
141: 124 140 142 158
142: 125 141 143 159
143: 126 142 144 160
144: 127 143 145 161
145: 128 144 146 162
146: 129 145 147 163
147: 130 146 148 164
148: 131 147 149 165
149: 132 148 150 166
150: 133 149 151 167
151: 134 150 152 168
152: 135 151 169
153: 136 154 170
154: 137 153 155 171
155: 138 154 156 172
156: 139 155 157 173
157: 140 156 158 174
158: 141 157 159 175
159: 142 158 160 176
160: 143 159 161 177
161: 144 160 162 178
162: 145 161 163 179
163: 146 162 164 180
164: 147 163 165 181
165: 148 164 166 182
166: 149 165 167 183
167: 150 166 168 184
168: 151 167 169 185
169: 152 168 186
170: 153 171 187
171: 154 170 172 188
172: 155 171 173 189
173: 156 172 174 190
174: 157 173 175 191
175: 158 174 176 192
176: 159 175 177 193
177: 160 176 178 194
178: 161 177 179 195
179: 162 178 180 196
180: 163 179 181 197
181: 164 180 182 198
182: 165 181 183 199
183: 166 182 184 200
184: 167 183 185 201
185: 168 184 186 202
186: 169 185 203
187: 170 188 204
188: 171 187 189 205
189: 172 188 190 206
190: 173 189 191 207
191: 174 190 192 208
192: 175 191 193 209
193: 176 192 194 210
194: 177 193 195 211
195: 178 194 196 212
196: 179 195 197 213
197: 180 196 198 214
198: 181 197 199 215
199: 182 198 200 216
200: 183 199 201 217
201: 184 200 202 218
202: 185 201 203 219
203: 186 202 220
204: 187 205 221
205: 188 204 206 222
206: 189 205 207 223
207: 190 206 208 224
208: 191 207 209 225
209: 192 208 210 226
210: 193 209 211 227
211: 194 210 212 228
212: 195 211 213 229
213: 196 212 214 230
214: 197 213 215 231
215: 198 214 216 232
216: 199 215 217 233
217: 200 216 218 234
218: 201 217 219 235
219: 202 218 220 236
220: 203 219 237
221: 204 222 238
222: 205 221 223 239
223: 206 222 224 240
224: 207 223 225 241
225: 208 224 226 242
226: 209 225 227 243
227: 210 226 228 244
228: 211 227 229 245
229: 212 228 230 246
230: 213 229 231 247
231: 214 230 232 248
232: 215 231 233 249
233: 216 232 234 250
234: 217 233 235 251
235: 218 234 236 252
236: 219 235 237 253
237: 220 236 254
238: 221 239 255
239: 222 238 240 256
240: 223 239 241 257
241: 224 240 242 258
242: 225 241 243 259
243: 226 242 244 260
244: 227 243 245 261
245: 228 244 246 262
246: 229 245 247 263
247: 230 246 248 264
248: 231 247 249 265
249: 232 248 250 266
250: 233 249 251 267
251: 234 250 252 268
252: 235 251 253 269
253: 236 252 254 270
254: 237 253 271
255: 238 256 272
256: 239 255 257 273
257: 240 256 258 274
258: 241 257 259 275
259: 242 258 260 276
260: 243 259 261 277
261: 244 260 262 278
262: 245 261 263 279
263: 246 262 264 280
264: 247 263 265 281
265: 248 264 266 282
266: 249 265 267 283
267: 250 266 268 284
268: 251 267 269 285
269: 252 268 270 286
270: 253 269 271 287
271: 254 270 288
272: 255 273
273: 256 272 274
274: 257 273 275
275: 258 274 276
276: 259 275 277
277: 260 276 278
278: 261 277 279
279: 262 278 280
280: 263 279 281
281: 264 280 282
282: 265 281 283
283: 266 282 284
284: 267 283 285
285: 268 284 286
286: 269 285 287
287: 270 286 288
288: 271 287
