0: 1 18
1: 0 2 19
2: 1 3 20
3: 2 4 21
4: 3 5 22
5: 4 6 23
6: 5 7 24
7: 6 8 25
8: 7 9 26
9: 8 10 27
10: 9 11 28
11: 10 12 29
12: 11 13 30
13: 12 14 31
14: 13 15 32
15: 14 16 33
16: 15 17 34
17: 16 35
18: 0 19 36
19: 1 18 20 37
20: 2 19 21 38
21: 3 20 22 39
22: 4 21 23 40
23: 5 22 24 41
24: 6 23 25 42
25: 7 24 26 43
26: 8 25 27 44
27: 9 26 28 45
28: 10 27 29 46
29: 11 28 30 47
30: 12 29 31 48
31: 13 30 32 49
32: 14 31 33 50
33: 15 32 34 51
34: 16 33 35 52
35: 17 34 53
36: 18 37 54
37: 19 36 38 55
38: 20 37 39 56
39: 21 38 40 57
40: 22 39 41 58
41: 23 40 42 59
42: 24 41 43 60
43: 25 42 44 61
44: 26 43 45 62
45: 27 44 46 63
46: 28 45 47 64
47: 29 46 48 65
48: 30 47 49 66
49: 31 48 50 67
50: 32 49 51 68
51: 33 50 52 69
52: 34 51 53 70
53: 35 52 71
54: 36 55 72
55: 37 54 56 73
56: 38 55 57 74
57: 39 56 58 75
58: 40 57 59 76
59: 41 58 60 77
60: 42 59 61 78
61: 43 60 62 79
62: 44 61 63 80
63: 45 62 64 81
64: 46 63 65 82
65: 47 64 66 83
66: 48 65 67 84
67: 49 66 68 85
68: 50 67 69 86
69: 51 68 70 87
70: 52 69 71 88
71: 53 70 89
72: 54 73 90
73: 55 72 74 91
74: 56 73 75 92
75: 57 74 76 93
76: 58 75 77 94
77: 59 76 78 95
78: 60 77 79 96
79: 61 78 80 97
80: 62 79 81 98
81: 63 80 82 99
82: 64 81 83 100
83: 65 82 84 101
84: 66 83 85 102
85: 67 84 86 103
86: 68 85 87 104
87: 69 86 88 105
88: 70 87 89 106
89: 71 88 107
90: 72 91 108
91: 73 90 92 109
92: 74 91 93 110
93: 75 92 94 111
94: 76 93 95 112
95: 77 94 96 113
96: 78 95 97 114
97: 79 96 98 115
98: 80 97 99 116
99: 81 98 100 117
100: 82 99 101 118
101: 83 100 102 119
102: 84 101 103 120
103: 85 102 104 121
104: 86 103 105 122
105: 87 104 106 123
106: 88 105 107 124
107: 89 106 125
108: 90 109 126
109: 91 108 110 127
110: 92 109 111 128
111: 93 110 112 129
112: 94 111 113 130
113: 95 112 114 131
114: 96 113 115 132
115: 97 114 116 133
116: 98 115 117 134
117: 99 116 118 135
118: 100 117 119 136
119: 101 118 120 137
120: 102 119 121 138
121: 103 120 122 139
122: 104 121 123 140
123: 105 122 124 141
124: 106 123 125 142
125: 107 124 143
126: 108 127 144
127: 109 126 128 145
128: 110 127 129 146
129: 111 128 130 147
130: 112 129 131 148
131: 113 130 132 149
132: 114 131 133 150
133: 115 132 134 151
134: 116 133 135 152
135: 117 134 136 153
136: 118 135 137 154
137: 119 136 138 155
138: 120 137 139 156
139: 121 138 140 157
140: 122 139 141 158
141: 123 140 142 159
142: 124 141 143 160
143: 125 142 161
144: 126 145 162
145: 127 144 146 163
146: 128 145 147 164
147: 129 146 148 165
148: 130 147 149 166
149: 131 148 150 167
150: 132 149 151 168
151: 133 150 152 169
152: 134 151 153 170
153: 135 152 154 171
154: 136 153 155 172
155: 137 154 156 173
156: 138 155 157 174
157: 139 156 158 175
158: 140 157 159 176
159: 141 158 160 177
160: 142 159 161 178
161: 143 160 179
162: 144 163 180
163: 145 162 164 181
164: 146 163 165 182
165: 147 164 166 183
166: 148 165 167 184
167: 149 166 168 185
168: 150 167 169 186
169: 151 168 170 187
170: 152 169 171 188
171: 153 170 172 189
172: 154 171 173 190
173: 155 172 174 191
174: 156 173 175 192
175: 157 174 176 193
176: 158 175 177 194
177: 159 176 178 195
178: 160 177 179 196
179: 161 178 197
180: 162 181 198
181: 163 180 182 199
182: 164 181 183 200
183: 165 182 184 201
184: 166 183 185 202
185: 167 184 186 203
186: 168 185 187 204
187: 169 186 188 205
188: 170 187 189 206
189: 171 188 190 207
190: 172 189 191 208
191: 173 190 192 209
192: 174 191 193 210
193: 175 192 194 211
194: 176 193 195 212
195: 177 194 196 213
196: 178 195 197 214
197: 179 196 215
198: 180 199 216
199: 181 198 200 217
200: 182 199 201 218
201: 183 200 202 219
202: 184 201 203 220
203: 185 202 204 221
204: 186 203 205 222
205: 187 204 206 223
206: 188 205 207 224
207: 189 206 208 225
208: 190 207 209 226
209: 191 208 210 227
210: 192 209 211 228
211: 193 210 212 229
212: 194 211 213 230
213: 195 212 214 231
214: 196 213 215 232
215: 197 214 233
216: 198 217 234
217: 199 216 218 235
218: 200 217 219 236
219: 201 218 220 237
220: 202 219 221 238
221: 203 220 222 239
222: 204 221 223 240
223: 205 222 224 241
224: 206 223 225 242
225: 207 224 226 243
226: 208 225 227 244
227: 209 226 228 245
228: 210 227 229 246
229: 211 228 230 247
230: 212 229 231 248
231: 213 230 232 249
232: 214 231 233 250
233: 215 232 251
234: 216 235 252
235: 217 234 236 253
236: 218 235 237 254
237: 219 236 238 255
238: 220 237 239 256
239: 221 238 240 257
240: 222 239 241 258
241: 223 240 242 259
242: 224 241 243 260
243: 225 242 244 261
244: 226 243 245 262
245: 227 244 246 263
246: 228 245 247 264
247: 229 246 248 265
248: 230 247 249 266
249: 231 248 250 267
250: 232 249 251 268
251: 233 250 269
252: 234 253 270
253: 235 252 254 271
254: 236 253 255 272
255: 237 254 256 273
256: 238 255 257 274
257: 239 256 258 275
258: 240 257 259 276
259: 241 258 260 277
260: 242 259 261 278
261: 243 260 262 279
262: 244 261 263 280
263: 245 262 264 281
264: 246 263 265 282
265: 247 264 266 283
266: 248 265 267 284
267: 249 266 268 285
268: 250 267 269 286
269: 251 268 287
270: 252 271 288
271: 253 270 272 289
272: 254 271 273 290
273: 255 272 274 291
274: 256 273 275 292
275: 257 274 276 293
276: 258 275 277 294
277: 259 276 278 295
278: 260 277 279 296
279: 261 278 280 297
280: 262 279 281 298
281: 263 280 282 299
282: 264 281 283 300
283: 265 282 284 301
284: 266 283 285 302
285: 267 284 286 303
286: 268 285 287 304
287: 269 286 305
288: 270 289 306
289: 271 288 290 307
290: 272 289 291 308
291: 273 290 292 309
292: 274 291 293 310
293: 275 292 294 311
294: 276 293 295 312
295: 277 294 296 313
296: 278 295 297 314
297: 279 296 298 315
298: 280 297 299 316
299: 281 298 300 317
300: 282 299 301 318
301: 283 300 302 319
302: 284 301 303 320
303: 285 302 304 321
304: 286 303 305 322
305: 287 304 323
306: 288 307
307: 289 306 308
308: 290 307 309
309: 291 308 310
310: 292 309 311
311: 293 310 312
312: 294 311 313
313: 295 312 314
314: 296 313 315
315: 297 314 316
316: 298 315 317
317: 299 316 318
318: 300 317 319
319: 301 318 320
320: 302 319 321
321: 303 320 322
322: 304 321 323
323: 305 322
