0: 1 16
1: 0 2 17
2: 1 3 18
3: 2 4 19
4: 3 5 20
5: 4 6 21
6: 5 7 22
7: 6 8 23
8: 7 9 24
9: 8 10 25
10: 9 11 26
11: 10 12 27
12: 11 13 28
13: 12 14 29
14: 13 15 30
15: 14 31
16: 0 17 32
17: 1 16 18 33
18: 2 17 19 34
19: 3 18 20 35
20: 4 19 21 36
21: 5 20 22 37
22: 6 21 23 38
23: 7 22 24 39
24: 8 23 25 40
25: 9 24 26 41
26: 10 25 27 42
27: 11 26 28 43
28: 12 27 29 44
29: 13 28 30 45
30: 14 29 31 46
31: 15 30 47
32: 16 33 48
33: 17 32 34 49
34: 18 33 35 50
35: 19 34 36 51
36: 20 35 37 52
37: 21 36 38 53
38: 22 37 39 54
39: 23 38 40 55
40: 24 39 41 56
41: 25 40 42 57
42: 26 41 43 58
43: 27 42 44 59
44: 28 43 45 60
45: 29 44 46 61
46: 30 45 47 62
47: 31 46 63
48: 32 49 64
49: 33 48 50 65
50: 34 49 51 66
51: 35 50 52 67
52: 36 51 53 68
53: 37 52 54 69
54: 38 53 55 70
55: 39 54 56 71
56: 40 55 57 72
57: 41 56 58 73
58: 42 57 59 74
59: 43 58 60 75
60: 44 59 61 76
61: 45 60 62 77
62: 46 61 63 78
63: 47 62 79
64: 48 65 80
65: 49 64 66 81
66: 50 65 67 82
67: 51 66 68 83
68: 52 67 69 84
69: 53 68 70 85
70: 54 69 71 86
71: 55 70 72 87
72: 56 71 73 88
73: 57 72 74 89
74: 58 73 75 90
75: 59 74 76 91
76: 60 75 77 92
77: 61 76 78 93
78: 62 77 79 94
79: 63 78 95
80: 64 81 96
81: 65 80 82 97
82: 66 81 83 98
83: 67 82 84 99
84: 68 83 85 100
85: 69 84 86 101
86: 70 85 87 102
87: 71 86 88 103
88: 72 87 89 104
89: 73 88 90 105
90: 74 89 91 106
91: 75 90 92 107
92: 76 91 93 108
93: 77 92 94 109
94: 78 93 95 110
95: 79 94 111
96: 80 97 112
97: 81 96 98 113
98: 82 97 99 114
99: 83 98 100 115
100: 84 99 101 116
101: 85 100 102 117
102: 86 101 103 118
103: 87 102 104 119
104: 88 103 105 120
105: 89 104 106 121
106: 90 105 107 122
107: 91 106 108 123
108: 92 107 109 124
109: 93 108 110 125
110: 94 109 111 126
111: 95 110 127
112: 96 113 128
113: 97 112 114 129
114: 98 113 115 130
115: 99 114 116 131
116: 100 115 117 132
117: 101 116 118 133
118: 102 117 119 134
119: 103 118 120 135
120: 104 119 121 136
121: 105 120 122 137
122: 106 121 123 138
123: 107 122 124 139
124: 108 123 125 140
125: 109 124 126 141
126: 110 125 127 142
127: 111 126 143
128: 112 129 144
129: 113 128 130 145
130: 114 129 131 146
131: 115 130 132 147
132: 116 131 133 148
133: 117 132 134 149
134: 118 133 135 150
135: 119 134 136 151
136: 120 135 137 152
137: 121 136 138 153
138: 122 137 139 154
139: 123 138 140 155
140: 124 139 141 156
141: 125 140 142 157
142: 126 141 143 158
143: 127 142 159
144: 128 145 160
145: 129 144 146 161
146: 130 145 147 162
147: 131 146 148 163
148: 132 147 149 164
149: 133 148 150 165
150: 134 149 151 166
151: 135 150 152 167
152: 136 151 153 168
153: 137 152 154 169
154: 138 153 155 170
155: 139 154 156 171
156: 140 155 157 172
157: 141 156 158 173
158: 142 157 159 174
159: 143 158 175
160: 144 161 176
161: 145 160 162 177
162: 146 161 163 178
163: 147 162 164 179
164: 148 163 165 180
165: 149 164 166 181
166: 150 165 167 182
167: 151 166 168 183
168: 152 167 169 184
169: 153 168 170 185
170: 154 169 171 186
171: 155 170 172 187
172: 156 171 173 188
173: 157 172 174 189
174: 158 173 175 190
175: 159 174 191
176: 160 177 192
177: 161 176 178 193
178: 162 177 179 194
179: 163 178 180 195
180: 164 179 181 196
181: 165 180 182 197
182: 166 181 183 198
183: 167 182 184 199
184: 168 183 185 200
185: 169 184 186 201
186: 170 185 187 202
187: 171 186 188 203
188: 172 187 189 204
189: 173 188 190 205
190: 174 189 191 206
191: 175 190 207
192: 176 193 208
193: 177 192 194 209
194: 178 193 195 210
195: 179 194 196 211
196: 180 195 197 212
197: 181 196 198 213
198: 182 197 199 214
199: 183 198 200 215
200: 184 199 201 216
201: 185 200 202 217
202: 186 201 203 218
203: 187 202 204 219
204: 188 203 205 220
205: 189 204 206 221
206: 190 205 207 222
207: 191 206 223
208: 192 209 224
209: 193 208 210 225
210: 194 209 211 226
211: 195 210 212 227
212: 196 211 213 228
213: 197 212 214 229
214: 198 213 215 230
215: 199 214 216 231
216: 200 215 217 232
217: 201 216 218 233
218: 202 217 219 234
219: 203 218 220 235
220: 204 219 221 236
221: 205 220 222 237
222: 206 221 223 238
223: 207 222 239
224: 208 225 240
225: 209 224 226 241
226: 210 225 227 242
227: 211 226 228 243
228: 212 227 229 244
229: 213 228 230 245
230: 214 229 231 246
231: 215 230 232 247
232: 216 231 233 248
233: 217 232 234 249
234: 218 233 235 250
235: 219 234 236 251
236: 220 235 237 252
237: 221 236 238 253
238: 222 237 239 254
239: 223 238 255
240: 224 241
241: 225 240 242
242: 226 241 243
243: 227 242 244
244: 228 243 245
245: 229 244 246
246: 230 245 247
247: 231 246 248
248: 232 247 249
249: 233 248 250
250: 234 249 251
251: 235 250 252
252: 236 251 253
253: 237 252 254
254: 238 253 255
255: 239 254
